100
7 147
60 107 11 113 9 12 6
10 307
249 168 17 261 92 129 218 153 12 99
3 299
52 81 87
10 124
89 99 57 54 62 58 20 69 51 117
3 75
14 17 1
10 522
154 177 504 82 385 117 517 382 224 380
10 552
448 282 206 332 331 232 321 227 515 334
8 44
43 15 38 28 30 7 2 17
8 388
372 167 372 141 338 368 167 368
10 171
52 4 151 107 71 120 2 48 107 113
4 553
533 203 324 279
6 363
322 277 152 323 207 360
9 383
146 219 287 340 378 136 280 382 206
8 139
60 81 26 79 113 58 27 112
7 541
277 186 300 394 516 485 407
10 23
14 13 2 19 2 6 1 13 23 13
10 17
9 16 1 17 3 17 13 10 7 17
6 696
534 534 636 534 191 534
10 161
100 160 64 34 143 114 136 113 127 138
8 271
103 41 183 243 89 169 29 231
1 646
270
6 430
90 426 426 112 112 112
10 698
681 172 73 177 526 59 639 625 521 17
10 700
1 1 1 1 1 1 1 1 1 1
1 582
291
3 575
318 510 479
10 222
35 74 60 105 143 29 178 161 17 15
6 369
15 182 365 106 199 216
4 454
299 359 232 361
6 435
17 61 418 309 374 126
6 677
296 386 296 149 386 149
10 79
23 57 75 49 39 66 55 30 15 14
5 161
80 147 142 83 1
4 358
317 206 220 229
10 633
191 135 283 474 280 574 456 405 242 490
10 455
42 86 262 183 262 262 262 3 242 86
4 436
158 261 283 393
9 613
218 247 247 377 186 598 186 357 377
7 387
266 168 181 377 121 265 82
6 655
155 85 570 58 597 500
8 222
154 68 170 108 132 90 52 114
10 657
53 431 14 291 320 135 609 146 601 174
8 175
133 40 57 113 57 152 72 78
5 556
399 372 459 463 474
10 512
358 61 245 243 146 54 381 500 149 461
8 639
271 507 423 222 406 428 430 636
10 471
199 375 93 8 159 457 262 151 246 15
10 659
366 46 181 458 618 25 287 613 187 430
10 31
16 29 28 12 4 14 5 8 7 18
10 155
47 63 135 77 140 99 33 112 105 54
10 568
77 220 94 29 525 444 217 258 253 277
10 503
282 454 48 123 159 294 494 167 500 3
5 255
183 174 221 209 183
10 488
221 353 487 82 26 410 246 456 452 416
8 237
133 142 26 15 99 231 46 99
4 418
125 203 167 331
10 529
235 216 398 119 152 156 11 173 330 308
10 276
206 229 151 118 151 157 160 267 186 180
8 658
391 189 196 267 252 406 462 469
8 621
314 540 278 285 464 245 616 430
10 1
1 1 1 1 1 1 1 1 1 1
3 434
323 21 60
6 548
268 194 424 189 320 421
10 154
40 123 80 38 73 22 97 2 89 45
10 596
362 291 114 157 229 501 129 91 66 448
10 80
2 29 52 21 10 41 25 21 74 16
5 493
370 473 364 357 471
10 121
42 82 80 38 85 26 74 82 16 41
10 210
178 80 186 113 40 160 149 147 194 38
8 128
80 66 112 62 16 125 3 48
3 398
157 175 340
10 643
52 220 199 92 224 52 224 199 224 220
4 478
296 387 178 19
4 515
33 395 216 115
5 139
87 134 47 111 7
9 680
488 655 315 305 49 49 655 49 488
10 135
124 2 103 14 91 24 117 94 58 103
6 425
377 167 167 22 271 167
6 471
81 102 369 390 156 315
3 97
67 26 20
8 693
86 135 114 277 558 579 416 607
7 620
598 96 517 269 342 613 271
10 133
11 55 42 4 17 86 88 70 95 88
5 373
135 334 150 346 98
4 418
230 396 267 230
10 65
13 15 29 49 27 1 25 51 26 50
5 448
213 390 363 210 353
10 609
294 13 216 387 297 290 512 325 577 462
10 466
138 138 36 138 36 232 332 197 416 416
7 192
93 174 57 57 4 124 177
10 669
66 519 653 143 161 447 618 58 435 485
10 113
69 45 3 68 36 105 11 62 60 33
9 252
169 207 111 168 232 182 170 120 205
8 73
23 50 47 45 28 19 26 54
5 289
272 186 217 167 220
10 674
471 464 220 605 334 567 341 151 110 401
5 27
7 13 20 6 16
6 145
89 128 57 87 18 59
5 304
245 202 270 225 280
7 349
188 302 168 214 254 222 130
