100 5975
1 2 571
1 3 567
1 6 177
1 7 252
1 9 531
1 11 463
1 12 509
1 13 455
1 14 907
1 16 295
1 18 736
1 20 311
1 22 476
1 25 830
1 26 498
1 28 486
1 30 907
1 34 473
1 36 429
1 38 747
1 41 439
1 42 807
1 43 421
1 44 69
1 45 747
1 46 369
1 48 661
1 49 620
1 51 779
1 54 622
1 55 689
1 56 657
1 57 979
1 58 705
1 59 663
1 60 336
1 61 205
1 62 901
1 63 431
1 64 286
1 65 485
1 68 861
1 70 113
1 72 261
1 73 676
1 75 260
1 78 845
1 79 171
1 81 621
1 82 764
1 83 464
1 86 826
1 90 276
1 91 291
1 94 388
2 3 77
2 4 524
2 5 536
2 7 105
2 9 368
2 10 13
2 11 173
2 14 626
2 15 720
2 18 685
2 19 918
2 20 268
2 22 741
2 23 763
2 24 334
2 26 80
2 27 39
2 30 328
2 33 47
2 34 661
2 36 275
2 39 264
2 40 462
2 41 31
2 42 441
2 48 544
2 51 506
2 53 451
2 57 419
2 60 143
2 61 579
2 62 286
2 64 955
2 67 924
2 68 805
2 69 409
2 71 448
2 72 940
2 73 197
2 75 20
2 76 660
2 78 887
2 80 706
2 81 615
2 83 516
2 84 6
2 86 879
2 87 812
2 88 967
2 89 774
2 93 283
2 94 206
2 96 381
2 98 708
2 100 784
3 1 822
3 2 898
3 4 323
3 6 427
3 8 938
3 11 302
3 12 143
3 14 735
3 15 810
3 16 590
3 20 127
3 25 218
3 26 100
3 28 663
3 29 199
3 30 242
3 31 554
3 34 476
3 35 893
3 36 594
3 38 477
3 40 3
3 41 690
3 42 485
3 44 491
3 45 491
3 46 680
3 47 309
3 50 555
3 52 34
3 54 472
3 55 234
3 56 83
3 57 869
3 58 922
3 61 771
3 62 444
3 63 616
3 64 612
3 65 978
3 66 769
3 67 994
3 68 47
3 70 217
3 71 719
3 75 452
3 78 424
3 81 488
3 82 732
3 83 272
3 85 769
3 86 117
3 87 848
3 90 879
3 92 389
3 94 228
3 95 449
3 98 499
3 100 290
4 1 821
4 3 401
4 6 170
4 7 300
4 8 57
4 9 887
4 10 228
4 14 934
4 16 512
4 17 353
4 18 192
4 22 564
4 25 8
4 27 134
4 30 792
4 33 808
4 37 554
4 39 186
4 40 269
4 42 283
4 43 727
4 44 266
4 45 803
4 46 986
4 47 609
4 48 81
4 49 602
4 50 656
4 51 713
4 55 863
4 56 487
4 58 637
4 61 464
4 62 705
4 63 172
4 65 700
4 66 338
4 67 632
4 68 799
4 69 549
4 70 169
4 71 592
4 72 20
4 74 381
4 75 356
4 76 838
4 77 456
4 78 909
4 79 900
4 80 110
4 81 990
4 82 840
4 85 670
4 86 145
4 89 270
4 91 534
4 92 979
4 93 551
4 94 966
4 96 165
4 100 659
5 1 797
5 3 532
5 4 929
5 6 271
5 7 85
5 8 646
5 10 286
5 12 25
5 15 313
5 17 690
5 18 698
5 20 902
5 22 610
5 27 950
5 28 890
5 30 444
5 31 722
5 32 282
5 34 262
5 35 652
5 36 206
5 37 687
5 38 964
5 39 475
5 40 199
5 41 81
5 42 504
5 50 309
5 51 115
5 52 763
5 53 982
5 55 516
5 60 505
5 63 991
5 65 323
5 73 609
5 74 843
5 75 372
5 76 868
5 78 609
5 79 427
5 80 132
5 81 771
5 85 806
5 86 976
5 90 188
5 91 808
5 92 151
5 94 506
5 96 391
5 97 75
5 98 486
5 99 92
5 100 598
6 1 261
6 2 820
6 3 199
6 8 520
6 10 148
6 11 442
6 14 836
6 15 91
6 16 64
6 17 179
6 18 749
6 19 96
6 20 616
6 23 871
6 26 551
6 27 139
6 28 506
6 29 556
6 31 589
6 32 53
6 37 66
6 38 135
6 39 303
6 41 675
6 43 701
6 44 354
6 47 58
6 48 205
6 51 800
6 52 172
6 56 263
6 57 155
6 58 912
6 59 241
6 61 422
6 64 384
6 65 368
6 67 891
6 69 478
6 70 895
6 72 408
6 73 600
6 74 611
6 75 986
6 76 802
6 80 449
6 83 487
6 85 426
6 88 242
6 89 306
6 91 804
6 93 832
6 95 525
6 96 964
6 97 409
6 98 849
6 100 461
7 2 525
7 3 638
7 6 688
7 8 496
7 9 45
7 10 691
7 11 711
7 12 116
7 13 950
7 16 576
7 17 635
7 18 657
7 19 250
7 20 36
7 21 376
7 23 282
7 26 752
7 27 239
7 29 742
7 30 598
7 35 216
7 36 536
7 37 202
7 39 138
7 40 710
7 41 939
7 43 420
7 44 443
7 45 471
7 49 829
7 50 258
7 52 965
7 53 770
7 54 835
7 57 196
7 59 68
7 60 44
7 62 600
7 63 23
7 68 403
7 70 384
7 73 806
7 74 454
7 75 837
7 76 165
7 77 169
7 79 416
7 80 394
7 81 21
7 83 80
7 85 30
7 87 730
7 88 254
7 92 941
7 93 73
7 94 97
7 95 510
7 96 822
7 97 458
7 99 834
7 100 415
8 1 938
8 2 750
8 3 89
8 4 55
8 5 140
8 7 79
8 9 538
8 10 737
8 11 826
8 14 136
8 15 812
8 17 924
8 18 270
8 20 127
8 21 728
8 22 264
8 25 72
8 26 449
8 30 848
8 31 239
8 33 210
8 34 831
8 37 821
8 40 752
8 45 242
8 46 378
8 47 273
8 48 102
8 49 84
8 50 967
8 51 554
8 53 236
8 56 308
8 58 832
8 59 159
8 61 740
8 62 185
8 63 397
8 65 855
8 66 295
8 67 541
8 68 56
8 69 838
8 71 208
8 72 915
8 74 874
8 80 222
8 82 382
8 83 464
8 87 595
8 90 893
8 91 309
8 95 512
8 100 592
9 1 580
9 3 404
9 8 969
9 10 747
9 12 734
9 17 28
9 20 405
9 23 460
9 25 489
9 26 130
9 27 978
9 28 745
9 29 270
9 30 339
9 32 572
9 33 579
9 34 109
9 35 944
9 36 288
9 37 450
9 41 641
9 42 92
9 44 183
9 46 365
9 51 775
9 55 896
9 56 131
9 57 169
9 58 651
9 59 433
9 60 465
9 61 336
9 62 23
9 64 6
9 65 90
9 66 532
9 67 301
9 70 138
9 71 406
9 72 545
9 74 925
9 75 774
9 78 432
9 79 838
9 80 239
9 82 948
9 83 137
9 86 154
9 87 374
9 88 555
9 89 477
9 90 93
9 91 987
9 92 311
9 95 860
9 97 9
9 99 394
9 100 884
10 3 709
10 5 808
10 8 623
10 11 885
10 12 182
10 13 911
10 15 4
10 16 879
10 18 329
10 19 93
10 20 497
10 21 133
10 22 189
10 24 17
10 25 706
10 27 364
10 30 351
10 32 847
10 34 427
10 36 726
10 37 274
10 38 474
10 40 630
10 43 671
10 44 350
10 46 773
10 47 900
10 48 934
10 49 915
10 52 869
10 54 978
10 56 563
10 57 50
10 58 977
10 59 787
10 61 111
10 62 20
10 65 196
10 66 288
10 67 124
10 68 602
10 69 697
10 70 733
10 71 72
10 74 887
10 76 690
10 77 475
10 78 595
10 79 713
10 80 702
10 82 674
10 84 162
10 85 956
10 86 441
10 87 588
10 88 766
10 90 419
10 91 292
10 92 791
10 93 649
10 94 325
10 96 388
10 97 648
10 100 844
11 2 711
11 3 202
11 4 393
11 8 507
11 10 863
11 12 461
11 14 374
11 16 57
11 18 150
11 21 112
11 22 806
11 23 527
11 24 122
11 25 913
11 27 539
11 28 404
11 29 5
11 31 114
11 32 440
11 34 210
11 36 699
11 37 376
11 38 126
11 39 719
11 40 281
11 41 813
11 42 780
11 44 981
11 45 393
11 46 444
11 49 33
11 50 482
11 53 91
11 55 590
11 56 798
11 57 834
11 58 969
11 61 439
11 64 606
11 65 260
11 66 3
11 68 824
11 70 498
11 71 63
11 72 328
11 73 545
11 75 38
11 77 272
11 79 14
11 80 901
11 82 71
11 83 827
11 84 430
11 86 397
11 87 954
11 88 228
11 89 11
11 91 888
11 94 111
11 95 650
11 96 671
11 97 462
11 98 73
11 99 119
11 100 141
12 1 633
12 2 357
12 3 931
12 5 328
12 8 336
12 11 843
12 13 911
12 16 612
12 18 569
12 20 318
12 22 421
12 24 804
12 25 323
12 26 375
12 27 226
12 31 484
12 33 464
12 34 559
12 35 572
12 39 895
12 41 741
12 42 488
12 43 592
12 45 396
12 46 735
12 47 486
12 52 962
12 53 77
12 56 394
12 59 240
12 61 934
12 64 254
12 66 312
12 67 673
12 69 908
12 70 223
12 71 893
12 74 280
12 77 214
12 79 233
12 80 563
12 82 217
12 83 451
12 84 436
12 85 440
12 88 896
12 89 799
12 90 646
12 92 838
12 93 197
12 94 538
12 97 220
13 2 398
13 4 650
13 5 861
13 8 709
13 10 891
13 11 104
13 15 702
13 16 147
13 17 72
13 18 415
13 20 273
13 21 716
13 23 869
13 25 910
13 26 620
13 27 170
13 29 608
13 30 503
13 31 684
13 32 769
13 33 354
13 34 49
13 36 445
13 37 544
13 40 1000
13 41 449
13 42 778
13 44 671
13 45 189
13 50 434
13 51 551
13 52 62
13 53 942
13 54 437
13 55 742
13 56 330
13 61 503
13 62 864
13 63 165
13 64 299
13 66 360
13 67 305
13 68 923
13 69 819
13 72 270
13 77 494
13 78 972
13 79 313
13 80 989
13 81 154
13 83 402
13 86 518
13 87 46
13 88 84
13 89 807
13 90 352
13 91 526
13 94 209
13 95 443
13 97 40
13 98 394
13 99 434
13 100 161
14 3 851
14 4 249
14 5 797
14 6 129
14 7 382
14 8 503
14 9 226
14 10 626
14 11 599
14 12 860
14 15 530
14 22 443
14 23 476
14 25 866
14 26 605
14 28 484
14 30 860
14 31 956
14 32 570
14 34 406
14 35 570
14 36 504
14 37 797
14 39 227
14 41 722
14 43 337
14 46 1
14 47 459
14 48 640
14 49 96
14 51 362
14 52 336
14 53 194
14 54 183
14 55 193
14 56 283
14 58 109
14 59 861
14 63 615
14 70 124
14 71 634
14 74 458
14 75 925
14 76 938
14 77 374
14 78 215
14 79 842
14 80 323
14 81 623
14 82 707
14 84 18
14 85 200
14 87 270
14 88 794
14 89 747
14 90 670
14 91 761
14 92 335
14 94 878
14 95 840
14 97 71
14 98 46
14 99 226
15 1 623
15 2 787
15 5 61
15 8 644
15 10 454
15 11 52
15 13 525
15 14 55
15 17 569
15 18 908
15 21 888
15 23 715
15 25 27
15 27 408
15 31 893
15 34 46
15 35 773
15 36 980
15 38 995
15 40 980
15 41 612
15 42 187
15 43 939
15 44 651
15 46 555
15 47 313
15 48 450
15 49 659
15 50 850
15 53 580
15 54 312
15 55 727
15 56 746
15 57 175
15 58 615
15 59 852
15 61 807
15 64 176
15 66 768
15 72 108
15 74 270
15 75 750
15 77 602
15 78 745
15 79 319
15 80 569
15 85 368
15 90 55
15 91 718
15 94 951
15 95 277
15 96 926
15 97 549
15 99 656
16 1 328
16 2 148
16 3 733
16 4 373
16 5 745
16 6 891
16 7 130
16 8 622
16 9 77
16 10 291
16 11 94
16 12 590
16 13 91
16 14 5
16 15 177
16 17 216
16 18 811
16 22 531
16 23 748
16 25 411
16 26 499
16 27 420
16 30 201
16 34 626
16 35 734
16 36 495
16 37 272
16 41 557
16 42 698
16 43 218
16 44 398
16 45 578
16 46 668
16 48 206
16 50 3
16 53 314
16 54 516
16 55 363
16 58 833
16 60 173
16 61 25
16 63 956
16 64 972
16 66 333
16 67 32
16 69 362
16 70 122
16 74 188
16 78 537
16 79 188
16 81 307
16 83 402
16 88 177
16 90 130
16 91 471
16 92 47
16 94 442
16 95 411
16 96 68
16 97 169
16 98 470
16 99 18
17 2 66
17 5 336
17 7 630
17 10 980
17 11 398
17 12 637
17 13 535
17 18 469
17 19 339
17 20 648
17 21 492
17 22 907
17 23 74
17 24 728
17 26 778
17 27 525
17 28 546
17 29 425
17 30 972
17 34 578
17 35 332
17 37 834
17 38 121
17 39 702
17 40 679
17 41 432
17 42 665
17 48 634
17 51 102
17 52 442
17 56 711
17 57 562
17 60 636
17 61 294
17 63 598
17 64 774
17 66 517
17 67 993
17 68 69
17 71 371
17 74 686
17 75 145
17 76 659
17 77 502
17 79 424
17 80 265
17 82 555
17 84 445
17 86 744
17 87 548
17 88 645
17 91 999
17 93 420
17 94 36
17 97 545
17 98 257
17 99 637
17 100 995
18 1 106
18 2 616
18 3 162
18 4 471
18 5 315
18 7 22
18 8 782
18 12 341
18 13 871
18 14 833
18 17 451
18 20 110
18 21 697
18 24 517
18 25 937
18 27 768
18 31 690
18 34 411
18 35 448
18 36 540
18 40 85
18 41 741
18 42 682
18 46 858
18 48 943
18 49 965
18 50 599
18 53 573
18 54 769
18 55 200
18 58 278
18 63 428
18 64 813
18 65 764
18 66 594
18 68 82
18 71 437
18 72 464
18 73 766
18 75 761
18 78 847
18 82 617
18 83 929
18 84 511
18 86 842
18 87 389
18 89 413
18 90 7
18 93 366
18 94 194
18 96 908
18 97 670
18 98 617
18 99 913
18 100 837
19 3 536
19 4 942
19 5 716
19 6 652
19 7 37
19 9 345
19 11 534
19 15 593
19 16 908
19 17 562
19 21 616
19 23 727
19 26 594
19 27 521
19 30 445
19 31 646
19 33 654
19 34 977
19 35 346
19 37 327
19 38 953
19 39 706
19 43 730
19 44 872
19 46 559
19 48 622
19 50 561
19 51 891
19 54 450
19 56 657
19 58 638
19 59 130
19 60 434
19 62 585
19 63 290
19 69 997
19 71 316
19 73 428
19 78 499
19 79 725
19 80 403
19 81 319
19 84 138
19 85 742
19 86 60
19 91 321
19 92 410
19 96 372
19 97 474
19 98 964
19 99 540
19 100 75
20 1 176
20 2 145
20 3 170
20 7 435
20 9 417
20 11 135
20 12 224
20 13 682
20 15 490
20 16 502
20 17 245
20 18 662
20 19 750
20 22 305
20 25 703
20 27 863
20 28 628
20 29 627
20 30 529
20 31 111
20 32 448
20 33 752
20 38 827
20 39 484
20 41 276
20 42 154
20 43 326
20 45 814
20 46 834
20 47 581
20 49 548
20 50 652
20 52 622
20 53 129
20 54 44
20 57 201
20 59 771
20 60 262
20 61 185
20 63 744
20 64 625
20 66 939
20 67 590
20 68 320
20 69 47
20 71 610
20 74 602
20 75 948
20 78 992
20 82 345
20 83 895
20 84 227
20 89 479
20 90 204
20 91 555
20 93 124
20 94 788
20 95 421
20 96 81
20 97 385
20 98 892
20 100 243
21 1 472
21 2 148
21 5 886
21 6 535
21 7 352
21 8 710
21 10 594
21 11 396
21 12 253
21 13 531
21 14 158
21 15 361
21 16 728
21 19 738
21 22 46
21 24 326
21 26 986
21 30 626
21 31 269
21 34 319
21 35 156
21 37 608
21 38 354
21 40 963
21 42 928
21 45 267
21 46 105
21 47 176
21 48 746
21 51 439
21 53 985
21 55 634
21 56 758
21 58 515
21 59 492
21 62 317
21 63 379
21 66 209
21 67 678
21 68 264
21 71 236
21 74 257
21 75 749
21 76 591
21 77 66
21 78 227
21 81 480
21 82 62
21 87 239
21 88 330
21 93 51
21 94 913
21 95 565
21 96 293
21 97 485
21 100 44
22 1 69
22 3 608
22 4 228
22 5 269
22 6 805
22 7 39
22 8 234
22 9 704
22 12 273
22 16 311
22 17 650
22 19 102
22 24 388
22 26 816
22 27 728
22 31 537
22 32 247
22 33 595
22 34 20
22 37 446
22 38 626
22 40 861
22 41 115
22 42 889
22 46 264
22 47 615
22 52 436
22 53 198
22 56 332
22 57 528
22 59 966
22 61 738
22 63 319
22 65 354
22 66 782
22 68 596
22 69 373
22 71 1
22 72 13
22 73 795
22 74 434
22 75 849
22 77 359
22 78 999
22 81 874
22 87 853
22 88 576
22 89 522
22 90 211
22 91 928
22 94 68
22 95 845
22 97 554
22 98 193
22 99 839
22 100 616
23 2 129
23 3 417
23 4 246
23 5 526
23 6 504
23 8 49
23 11 553
23 12 929
23 17 190
23 19 493
23 20 479
23 21 96
23 22 673
23 24 318
23 26 994
23 28 394
23 34 838
23 36 873
23 37 547
23 38 229
23 42 982
23 43 765
23 49 57
23 50 802
23 51 103
23 52 979
23 53 837
23 54 292
23 55 110
23 56 627
23 57 307
23 58 608
23 60 468
23 61 30
23 63 11
23 64 655
23 65 147
23 67 410
23 68 605
23 71 906
23 72 225
23 73 757
23 74 81
23 75 31
23 77 569
23 78 181
23 80 95
23 81 872
23 83 679
23 85 978
23 86 297
23 88 961
23 89 893
23 91 690
23 94 881
23 95 739
23 97 131
24 1 415
24 2 774
24 4 157
24 6 945
24 9 431
24 10 300
24 12 795
24 17 256
24 18 253
24 19 370
24 21 292
24 23 230
24 27 257
24 28 28
24 36 143
24 38 965
24 40 102
24 42 322
24 44 365
24 45 805
24 48 416
24 50 572
24 51 705
24 52 602
24 53 75
24 55 712
24 56 947
24 57 115
24 58 462
24 59 466
24 60 648
24 61 872
24 62 612
24 63 612
24 65 326
24 68 305
24 69 895
24 71 837
24 72 708
24 73 387
24 76 916
24 78 389
24 80 604
24 81 900
24 82 107
24 83 949
24 84 493
24 85 795
24 87 965
24 88 973
24 90 593
24 92 746
24 93 132
24 96 36
24 97 318
24 100 793
25 3 271
25 4 621
25 5 341
25 8 915
25 9 589
25 10 90
25 13 761
25 15 309
25 16 407
25 17 962
25 19 903
25 20 38
25 21 912
25 22 772
25 26 524
25 30 282
25 31 214
25 33 232
25 36 252
25 39 255
25 40 910
25 41 43
25 42 578
25 43 989
25 44 125
25 45 990
25 46 513
25 49 727
25 50 935
25 51 809
25 55 480
25 56 646
25 58 51
25 59 436
25 60 678
25 61 782
25 62 140
25 63 209
25 64 434
25 67 953
25 70 751
25 72 943
25 73 636
25 74 947
25 78 490
25 79 501
25 81 688
25 82 144
25 86 27
25 87 411
25 88 411
25 89 387
25 90 247
25 94 978
25 95 3
25 98 603
25 99 740
25 100 380
26 4 508
26 8 312
26 9 37
26 12 169
26 14 758
26 15 980
26 18 893
26 19 345
26 20 578
26 23 982
26 24 218
26 25 649
26 27 750
26 28 590
26 29 684
26 30 563
26 32 297
26 34 270
26 38 224
26 40 780
26 43 512
26 46 359
26 48 125
26 50 41
26 51 457
26 53 559
26 54 728
26 55 619
26 57 792
26 65 92
26 67 438
26 68 694
26 69 143
26 70 714
26 73 642
26 74 380
26 75 492
26 80 704
26 81 843
26 82 681
26 84 443
26 86 283
26 89 986
26 90 195
26 95 297
26 98 232
27 1 780
27 2 198
27 3 670
27 4 477
27 6 216
27 7 39
27 8 87
27 9 477
27 15 813
27 16 395
27 18 783
27 19 420
27 21 819
27 22 726
27 26 886
27 28 171
27 30 138
27 32 388
27 35 785
27 36 87
27 38 819
27 39 402
27 40 287
27 42 560
27 44 970
27 47 322
27 49 804
27 51 728
27 52 558
27 53 2
27 55 133
27 57 427
27 59 302
27 60 539
27 61 804
27 62 232
27 64 681
27 65 599
27 70 657
27 73 216
27 74 673
27 80 651
27 82 85
27 83 991
27 84 885
27 85 595
27 86 242
27 89 786
27 90 311
27 92 981
27 93 745
27 99 806
27 100 142
28 1 592
28 13 870
28 16 25
28 18 865
28 22 511
28 23 309
28 26 919
28 29 117
28 30 632
28 31 849
28 33 388
28 34 928
28 35 591
28 36 730
28 38 759
28 39 926
28 41 72
28 43 491
28 45 259
28 48 435
28 49 361
28 52 818
28 53 43
28 54 764
28 55 295
28 56 521
28 57 124
28 60 134
28 62 185
28 63 12
28 64 146
28 65 880
28 66 640
28 68 907
28 69 85
28 70 766
28 71 683
28 72 133
28 75 985
28 76 666
28 77 853
28 82 947
28 83 725
28 84 417
28 85 362
28 86 479
28 88 178
28 89 197
28 90 561
28 91 72
28 92 600
28 93 137
28 94 53
28 95 562
28 97 115
28 98 278
28 99 148
28 100 987
29 3 582
29 5 703
29 6 73
29 8 315
29 9 610
29 12 686
29 13 900
29 14 570
29 15 214
29 16 155
29 17 65
29 18 61
29 19 47
29 21 798
29 24 89
29 25 898
29 26 776
29 28 90
29 30 250
29 31 909
29 32 495
29 33 973
29 34 975
29 36 359
29 37 597
29 40 67
29 41 331
29 42 139
29 43 314
29 44 299
29 45 475
29 47 731
29 49 865
29 53 356
29 54 576
29 56 921
29 59 65
29 60 782
29 61 851
29 62 183
29 63 164
29 67 658
29 71 366
29 72 586
29 75 231
29 76 72
29 77 540
29 79 477
29 80 624
29 81 520
29 83 506
29 85 668
29 88 505
29 89 71
29 90 314
29 91 379
29 92 711
29 94 118
29 96 444
29 97 199
29 98 396
29 99 963
29 100 858
30 1 613
30 3 890
30 4 919
30 5 872
30 7 135
30 8 88
30 9 99
30 10 525
30 11 115
30 12 507
30 14 903
30 15 361
30 16 34
30 18 246
30 21 577
30 24 594
30 25 32
30 28 148
30 34 81
30 37 66
30 38 539
30 39 521
30 43 402
30 45 680
30 46 50
30 47 82
30 49 273
30 50 719
30 51 708
30 53 950
30 55 975
30 56 476
30 58 446
30 61 30
30 62 240
30 63 960
30 66 812
30 70 494
30 71 565
30 72 687
30 74 386
30 78 406
30 79 970
30 80 887
30 81 14
30 83 36
30 84 622
30 85 171
30 86 17
30 87 234
30 89 904
30 90 476
30 91 499
30 92 193
30 95 154
30 96 648
30 99 295
31 3 649
31 4 67
31 6 679
31 8 279
31 10 649
31 12 118
31 13 518
31 14 728
31 15 548
31 16 564
31 17 332
31 19 748
31 21 242
31 22 113
31 25 812
31 27 369
31 28 778
31 30 696
31 35 39
31 37 973
31 38 586
31 40 379
31 41 242
31 42 282
31 43 780
31 45 916
31 46 43
31 48 723
31 49 317
31 50 459
31 52 817
31 53 808
31 54 633
31 55 363
31 59 384
31 60 383
31 63 318
31 64 787
31 66 819
31 67 451
31 68 142
31 69 145
31 70 162
31 71 62
31 72 396
31 73 456
31 75 151
31 79 29
31 81 51
31 82 576
31 83 633
31 84 153
31 85 744
31 86 786
31 87 331
31 89 856
31 91 902
31 92 287
31 94 486
31 95 950
31 96 301
31 100 233
32 1 315
32 3 642
32 6 20
32 10 472
32 11 312
32 13 579
32 16 227
32 17 924
32 18 645
32 19 257
32 20 712
32 21 809
32 23 412
32 24 909
32 26 181
32 29 167
32 33 49
32 34 4
32 35 383
32 37 332
32 38 945
32 39 196
32 40 620
32 41 554
32 43 880
32 46 945
32 48 446
32 49 241
32 50 275
32 51 297
32 55 962
32 56 50
32 57 810
32 59 907
32 61 616
32 62 328
32 64 247
32 67 81
32 68 436
32 69 193
32 70 804
32 72 185
32 73 36
32 74 250
32 81 995
32 82 24
32 83 914
32 85 735
32 87 161
32 88 36
32 89 376
32 94 515
32 95 870
32 96 26
32 97 780
32 99 616
33 1 717
33 2 461
33 3 711
33 4 33
33 6 177
33 9 245
33 10 239
33 11 445
33 14 555
33 15 119
33 16 498
33 17 704
33 19 687
33 21 363
33 23 111
33 26 415
33 27 118
33 28 390
33 29 880
33 30 392
33 32 269
33 34 368
33 35 789
33 36 318
33 37 764
33 38 447
33 39 48
33 40 602
33 42 751
33 43 776
33 44 485
33 45 629
33 46 436
33 48 377
33 49 344
33 51 177
33 52 608
33 53 876
33 54 943
33 55 561
33 56 5
33 57 508
33 61 182
33 63 859
33 64 13
33 65 979
33 67 67
33 68 722
33 69 958
33 70 779
33 71 998
33 75 751
33 76 163
33 78 356
33 79 140
33 80 128
33 82 568
33 83 241
33 84 856
33 87 81
33 90 770
33 91 396
33 92 873
33 93 249
33 95 161
33 96 363
33 97 459
33 98 380
33 99 129
34 1 228
34 3 333
34 9 133
34 10 389
34 11 923
34 13 465
34 16 714
34 19 711
34 20 209
34 21 240
34 23 235
34 24 682
34 25 480
34 26 313
34 27 578
34 28 765
34 31 915
34 32 9
34 35 211
34 36 559
34 37 327
34 38 904
34 39 139
34 40 244
34 41 474
34 43 616
34 45 407
34 46 503
34 49 481
34 50 759
34 51 239
34 54 693
34 55 674
34 56 530
34 59 160
34 60 972
34 62 615
34 64 559
34 66 796
34 67 188
34 70 179
34 75 835
34 77 971
34 80 384
34 81 101
34 82 349
34 83 238
34 86 979
34 87 225
34 92 942
34 93 351
34 94 419
34 96 911
34 98 883
34 99 207
35 1 594
35 3 575
35 4 327
35 8 307
35 9 329
35 10 7
35 11 171
35 12 746
35 13 445
35 14 62
35 17 185
35 19 359
35 20 63
35 21 252
35 24 985
35 25 167
35 26 459
35 27 384
35 28 555
35 33 237
35 34 160
35 38 986
35 39 305
35 41 707
35 42 901
35 43 139
35 44 197
35 47 592
35 48 257
35 49 964
35 50 16
35 51 51
35 52 115
35 53 384
35 54 602
35 57 180
35 58 129
35 59 319
35 60 862
35 64 807
35 69 113
35 70 632
35 71 693
35 72 999
35 73 86
35 75 150
35 76 45
35 77 805
35 78 590
35 80 143
35 82 939
35 83 571
35 84 810
35 85 960
35 86 421
35 87 794
35 90 370
35 91 307
35 92 913
35 95 632
35 98 234
35 100 670
36 2 303
36 3 571
36 4 742
36 6 581
36 8 783
36 11 630
36 14 81
36 15 618
36 16 991
36 17 544
36 19 130
36 20 428
36 21 375
36 23 658
36 27 385
36 29 169
36 30 429
36 32 263
36 33 774
36 34 938
36 35 333
36 37 495
36 38 447
36 39 886
36 40 803
36 41 111
36 42 199
36 43 925
36 44 128
36 46 114
36 47 773
36 48 228
36 49 433
36 51 779
36 52 198
36 53 53
36 54 508
36 55 99
36 56 419
36 58 533
36 59 399
36 60 325
36 61 969
36 64 542
36 65 744
36 69 341
36 70 129
36 71 278
36 74 166
36 75 321
36 76 811
36 78 114
36 80 763
36 81 216
36 83 143
36 84 609
36 85 96
36 86 983
36 87 896
36 88 79
36 91 882
36 94 880
36 95 503
36 96 250
36 98 925
37 2 790
37 5 83
37 7 650
37 10 701
37 11 33
37 12 17
37 13 122
37 15 617
37 17 786
37 18 30
37 19 404
37 20 211
37 21 669
37 24 290
37 25 777
37 26 100
37 29 439
37 30 808
37 33 799
37 34 317
37 35 365
37 36 17
37 38 682
37 39 545
37 40 619
37 43 492
37 45 540
37 47 135
37 50 924
37 51 564
37 52 406
37 53 284
37 54 133
37 56 439
37 58 997
37 59 933
37 63 332
37 66 886
37 69 585
37 70 27
37 75 642
37 76 591
37 79 485
37 80 686
37 81 989
37 83 500
37 84 697
37 86 579
37 88 492
37 90 878
37 91 919
37 93 272
37 94 655
37 95 152
37 99 690
37 100 704
38 1 412
38 5 487
38 6 763
38 11 4
38 15 299
38 17 876
38 19 109
38 21 744
38 23 576
38 26 220
38 28 754
38 31 965
38 35 857
38 36 423
38 37 852
38 40 482
38 42 304
38 44 99
38 46 911
38 48 496
38 49 440
38 52 258
38 53 239
38 55 335
38 58 963
38 63 376
38 64 220
38 65 627
38 66 809
38 67 476
38 69 193
38 71 916
38 72 696
38 73 996
38 75 122
38 77 845
38 82 789
38 83 47
38 86 945
38 87 586
38 89 855
38 92 189
38 93 901
38 94 336
38 95 88
38 96 799
38 100 301
39 1 744
39 2 890
39 4 391
39 5 762
39 6 482
39 7 527
39 8 262
39 9 829
39 12 422
39 14 923
39 15 208
39 17 488
39 18 778
39 19 197
39 20 289
39 22 567
39 23 192
39 27 546
39 29 139
39 30 762
39 31 10
39 34 492
39 35 888
39 38 83
39 40 777
39 41 30
39 42 422
39 45 990
39 49 146
39 50 221
39 51 862
39 52 495
39 53 300
39 54 912
39 56 649
39 57 356
39 58 78
39 59 118
39 61 358
39 62 221
39 63 632
39 64 191
39 66 847
39 67 124
39 70 965
39 71 846
39 72 55
39 73 21
39 75 665
39 76 514
39 77 994
39 78 397
39 80 267
39 82 454
39 85 789
39 86 634
39 87 136
39 92 800
39 93 621
39 95 898
39 96 190
39 97 909
39 98 110
39 100 68
40 1 324
40 2 455
40 3 444
40 4 804
40 5 852
40 6 530
40 9 149
40 11 782
40 13 432
40 14 868
40 15 498
40 17 943
40 19 823
40 20 285
40 21 266
40 22 778
40 25 12
40 26 348
40 27 708
40 28 229
40 29 953
40 33 499
40 34 518
40 36 677
40 37 763
40 38 379
40 39 284
40 41 660
40 43 157
40 44 497
40 45 236
40 47 106
40 48 842
40 50 433
40 51 846
40 53 194
40 56 774
40 57 359
40 59 644
40 60 601
40 64 744
40 66 822
40 67 45
40 68 426
40 69 498
40 70 965
40 72 666
40 73 836
40 74 350
40 75 855
40 76 783
40 77 927
40 78 343
40 80 882
40 81 195
40 84 449
40 87 63
40 89 873
40 91 937
40 92 611
40 93 91
40 97 530
41 1 16
41 2 165
41 4 928
41 5 217
41 6 997
41 8 138
41 10 105
41 12 135
41 14 934
41 19 692
41 20 316
41 25 281
41 27 541
41 30 397
41 32 354
41 33 822
41 35 289
41 36 445
41 37 560
41 40 612
41 42 839
41 43 423
41 44 43
41 48 456
41 49 270
41 51 73
41 52 854
41 53 608
41 55 19
41 56 116
41 58 883
41 59 400
41 62 396
41 64 991
41 66 139
41 67 458
41 68 378
41 70 621
41 72 877
41 74 997
41 77 784
41 79 61
41 80 829
41 82 550
41 83 866
41 84 882
41 85 106
41 86 644
41 88 59
41 90 972
41 92 242
41 93 495
41 95 958
41 98 522
41 100 834
42 2 877
42 3 124
42 6 346
42 7 265
42 12 182
42 13 56
42 14 969
42 15 547
42 17 384
42 18 791
42 21 721
42 22 438
42 26 622
42 27 701
42 28 496
42 29 701
42 34 735
42 36 116
42 37 594
42 38 824
42 39 718
42 40 108
42 44 156
42 45 673
42 49 240
42 51 532
42 53 393
42 54 889
42 56 247
42 57 770
42 59 957
42 63 465
42 64 481
42 67 914
42 68 882
42 69 496
42 71 442
42 72 44
42 74 140
42 76 523
42 78 233
42 79 615
42 80 987
42 81 900
42 82 880
42 84 22
42 85 950
42 87 474
42 88 195
42 89 890
42 90 662
42 92 818
42 94 70
42 95 109
42 96 648
42 98 669
42 99 286
42 100 83
43 2 292
43 3 414
43 5 845
43 6 444
43 7 456
43 10 942
43 11 692
43 12 514
43 14 481
43 16 546
43 17 152
43 18 105
43 19 745
43 21 719
43 22 687
43 24 445
43 27 282
43 29 612
43 33 65
43 37 301
43 40 588
43 41 978
43 46 791
43 48 13
43 50 207
43 55 894
43 56 989
43 57 534
43 58 423
43 59 851
43 60 819
43 61 614
43 63 605
43 65 749
43 66 428
43 67 95
43 68 489
43 69 612
43 70 188
43 71 132
43 72 549
43 73 272
43 75 258
43 78 11
43 82 193
43 84 325
43 85 391
43 87 645
43 88 214
43 89 32
43 90 646
43 91 618
43 93 137
43 94 126
43 96 261
43 97 94
43 98 400
43 100 326
44 3 795
44 7 448
44 8 206
44 9 858
44 10 431
44 11 428
44 14 606
44 15 316
44 16 706
44 20 296
44 25 214
44 26 61
44 29 846
44 30 258
44 32 746
44 33 164
44 34 349
44 35 412
44 37 385
44 41 209
44 42 18
44 43 289
44 45 836
44 46 112
44 49 810
44 51 846
44 52 336
44 53 966
44 55 357
44 57 725
44 59 530
44 60 550
44 61 979
44 62 415
44 63 902
44 65 226
44 66 761
44 67 697
44 70 994
44 73 588
44 74 489
44 75 658
44 77 677
44 78 142
44 80 501
44 81 679
44 83 746
44 88 794
44 92 202
44 96 942
44 99 267
45 3 569
45 4 374
45 5 86
45 7 479
45 8 46
45 13 261
45 14 474
45 16 524
45 20 399
45 22 687
45 23 516
45 24 541
45 25 811
45 26 589
45 27 836
45 29 56
45 31 569
45 32 922
45 34 865
45 35 319
45 36 876
45 37 620
45 39 308
45 40 291
45 41 621
45 42 515
45 44 957
45 46 194
45 47 937
45 48 830
45 49 251
45 50 260
45 51 663
45 53 516
45 55 448
45 57 171
45 58 697
45 59 327
45 60 671
45 62 530
45 63 706
45 65 907
45 66 659
45 67 953
45 68 924
45 69 851
45 72 127
45 73 806
45 76 651
45 78 56
45 81 678
45 82 397
45 83 570
45 84 231
45 85 227
45 87 604
45 89 221
45 90 83
45 93 551
45 94 116
45 95 382
45 96 935
45 97 725
45 98 748
45 99 290
46 3 140
46 4 362
46 7 792
46 8 32
46 11 350
46 12 914
46 13 326
46 14 293
46 16 547
46 17 586
46 19 186
46 20 394
46 23 232
46 24 755
46 26 475
46 27 711
46 30 784
46 33 834
46 34 583
46 37 973
46 39 149
46 42 57
46 43 591
46 45 671
46 48 977
46 50 102
46 51 682
46 53 443
46 54 710
46 57 166
46 59 314
46 60 124
46 62 831
46 64 185
46 65 208
46 66 605
46 67 241
46 70 698
46 71 700
46 72 72
46 73 424
46 75 146
46 77 69
46 78 201
46 80 848
46 82 355
46 83 74
46 87 102
46 88 360
46 90 221
46 92 371
46 94 877
46 96 440
46 97 142
47 1 826
47 2 691
47 3 882
47 4 252
47 8 28
47 9 564
47 11 923
47 14 101
47 15 917
47 16 316
47 17 53
47 18 19
47 19 821
47 20 221
47 21 764
47 22 494
47 24 55
47 26 717
47 30 976
47 32 17
47 34 931
47 36 24
47 37 718
47 40 63
47 41 774
47 42 873
47 43 877
47 44 280
47 46 260
47 48 216
47 52 768
47 53 847
47 54 515
47 55 762
47 57 202
47 58 192
47 59 194
47 62 784
47 63 796
47 64 9
47 67 641
47 68 850
47 69 80
47 71 144
47 75 263
47 76 568
47 77 963
47 78 527
47 79 658
47 80 655
47 82 509
47 85 194
47 86 667
47 87 765
47 88 147
47 89 605
47 90 129
47 91 107
47 92 966
47 93 199
47 94 540
47 97 451
47 98 287
48 2 724
48 3 25
48 6 845
48 7 952
48 8 114
48 11 480
48 12 150
48 13 689
48 15 832
48 17 691
48 18 304
48 19 331
48 21 289
48 22 538
48 26 532
48 27 826
48 28 12
48 29 156
48 30 535
48 31 537
48 32 788
48 33 389
48 35 94
48 36 6
48 37 767
48 40 537
48 41 63
48 42 338
48 43 311
48 44 775
48 45 523
48 46 304
48 47 763
48 51 47
48 55 836
48 56 559
48 59 603
48 60 227
48 61 770
48 63 686
48 64 380
48 65 634
48 67 357
48 68 102
48 69 964
48 70 336
48 71 170
48 73 340
48 74 550
48 75 826
48 76 703
48 77 726
48 79 595
48 80 232
48 83 84
48 85 258
48 88 417
48 89 116
48 93 303
48 94 195
48 95 408
48 96 665
48 97 869
48 98 334
48 99 711
49 2 508
49 3 65
49 6 363
49 7 184
49 10 551
49 11 97
49 12 58
49 14 981
49 16 800
49 17 310
49 18 16
49 20 491
49 21 854
49 23 114
49 24 448
49 25 430
49 26 172
49 27 820
49 29 308
49 30 22
49 31 697
49 35 822
49 36 198
49 38 543
49 39 740
49 42 20
49 43 510
49 45 857
49 46 605
49 47 228
49 50 937
49 51 229
49 52 190
49 54 758
49 55 666
49 56 628
49 57 757
49 58 804
49 59 703
49 60 815
49 63 954
49 67 336
49 68 428
49 70 353
49 71 30
49 72 424
49 73 710
49 74 675
49 75 730
49 76 340
49 77 558
49 78 412
49 79 505
49 82 814
49 83 890
49 85 234
49 88 393
49 89 529
49 93 226
49 94 591
49 95 216
49 97 623
49 100 432
50 1 551
50 2 404
50 4 526
50 5 248
50 6 824
50 7 458
50 8 556
50 9 43
50 10 304
50 12 723
50 13 266
50 15 398
50 16 960
50 18 220
50 20 771
50 24 521
50 26 937
50 28 701
50 29 175
50 30 299
50 32 581
50 33 593
50 34 426
50 35 921
50 36 713
50 37 964
50 38 582
50 42 530
50 43 182
50 47 890
50 48 952
50 52 318
50 54 314
50 56 550
50 57 345
50 58 604
50 59 108
50 63 285
50 64 390
50 66 121
50 67 579
50 68 863
50 69 517
50 70 39
50 71 393
50 73 786
50 76 125
50 77 582
50 81 14
50 82 304
50 86 969
50 88 237
50 90 996
50 91 25
50 92 467
50 94 610
50 95 17
50 97 242
50 99 812
51 1 338
51 3 163
51 7 301
51 8 924
51 9 967
51 12 483
51 13 84
51 14 806
51 16 433
51 19 358
51 20 602
51 21 50
51 22 880
51 23 962
51 24 726
51 27 977
51 29 871
51 31 241
51 32 85
51 35 521
51 36 434
51 37 838
51 38 403
51 39 435
51 40 393
51 43 497
51 46 164
51 48 343
51 55 940
51 56 441
51 57 859
51 58 117
51 60 192
51 61 553
51 62 653
51 64 400
51 65 515
51 68 545
51 72 585
51 74 651
51 75 143
51 77 710
51 78 288
51 79 923
51 84 442
51 85 962
51 86 298
51 87 801
51 90 892
51 91 388
51 93 929
51 96 683
51 97 602
51 98 327
51 99 807
51 100 952
52 1 458
52 2 554
52 3 635
52 4 643
52 6 257
52 7 439
52 10 861
52 12 471
52 15 4
52 16 654
52 18 300
52 20 861
52 22 445
52 23 889
52 24 700
52 25 119
52 27 331
52 29 455
52 30 10
52 32 916
52 38 196
52 40 589
52 41 461
52 42 46
52 43 848
52 44 126
52 45 161
52 49 626
52 50 770
52 53 395
52 54 62
52 56 276
52 57 674
52 60 110
52 62 138
52 63 358
52 64 838
52 68 633
52 69 167
52 70 878
52 71 337
52 77 772
52 78 454
52 79 689
52 81 382
52 82 204
52 83 628
52 84 493
52 85 287
52 90 367
52 92 726
52 93 809
52 94 771
52 95 341
52 97 922
52 99 73
53 1 716
53 2 351
53 3 713
53 4 554
53 5 810
53 6 432
53 7 950
53 9 443
53 11 630
53 12 414
53 13 417
53 14 336
53 17 965
53 19 172
53 21 928
53 22 433
53 25 530
53 35 100
53 37 416
53 38 503
53 40 218
53 41 903
53 43 883
53 44 43
53 45 921
53 47 947
53 48 424
53 52 72
53 54 962
53 55 666
53 57 262
53 58 915
53 59 521
53 65 394
53 68 138
53 69 121
53 72 757
53 76 2
53 77 603
53 78 414
53 81 416
53 82 28
53 84 576
53 85 193
53 86 622
53 90 867
53 91 13
53 92 3
53 94 820
53 95 779
53 96 692
53 97 525
54 4 542
54 7 165
54 9 309
54 10 724
54 13 157
54 14 456
54 15 125
54 16 158
54 18 317
54 21 104
54 23 271
54 24 82
54 25 921
54 27 764
54 28 46
54 30 733
54 31 901
54 32 577
54 33 945
54 34 809
54 35 268
54 37 505
54 38 830
54 39 700
54 40 989
54 42 149
54 43 239
54 46 152
54 47 958
54 48 4
54 49 165
54 51 570
54 53 944
54 55 387
54 58 784
54 59 882
54 61 883
54 62 466
54 64 738
54 65 61
54 69 945
54 72 182
54 73 783
54 74 123
54 76 265
54 79 717
54 80 907
54 81 156
54 82 934
54 83 575
54 84 862
54 85 664
54 86 227
54 89 727
54 90 787
54 93 553
54 94 64
54 98 785
54 100 902
55 5 372
55 6 553
55 7 391
55 8 778
55 10 426
55 11 439
55 13 236
55 15 128
55 18 899
55 19 802
55 20 753
55 22 684
55 24 964
55 25 840
55 27 5
55 28 399
55 30 158
55 31 659
55 34 485
55 36 249
55 39 138
55 41 347
55 42 29
55 43 563
55 44 316
55 45 950
55 47 441
55 48 560
55 49 413
55 50 480
55 51 772
55 52 558
55 54 323
55 57 919
55 60 930
55 62 787
55 63 830
55 64 995
55 65 905
55 66 325
55 68 737
55 71 466
55 72 160
55 73 435
55 75 958
55 77 441
55 78 673
55 79 752
55 80 786
55 81 408
55 83 852
55 84 27
55 85 421
55 86 809
55 87 751
55 89 143
55 91 994
55 95 866
55 98 127
55 100 889
56 1 259
56 3 403
56 4 921
56 5 188
56 7 32
56 8 30
56 10 663
56 11 499
56 14 676
56 15 908
56 16 800
56 17 107
56 18 232
56 19 777
56 20 302
56 21 296
56 22 185
56 23 512
56 26 997
56 27 823
56 29 766
56 30 94
56 31 407
56 32 290
56 33 786
56 34 26
56 35 34
56 38 376
56 39 316
56 41 672
56 42 694
56 43 474
56 44 199
56 46 565
56 49 472
56 50 504
56 51 395
56 52 436
56 53 119
56 54 437
56 55 717
56 57 414
56 58 814
56 59 365
56 60 904
56 62 497
56 63 122
56 64 628
56 67 199
56 68 881
56 69 733
56 70 841
56 75 181
56 76 338
56 77 774
56 79 604
56 80 597
56 81 986
56 82 401
56 84 684
56 86 161
56 87 693
56 91 621
56 92 964
56 93 936
56 95 318
56 96 221
56 97 216
56 98 682
56 99 464
56 100 759
57 1 927
57 2 81
57 4 759
57 5 693
57 6 989
57 9 542
57 10 248
57 12 991
57 13 454
57 15 812
57 17 204
57 19 836
57 20 117
57 23 784
57 24 144
57 26 878
57 27 113
57 28 759
57 29 344
57 30 242
57 31 461
57 32 90
57 34 66
57 35 671
57 37 132
57 39 755
57 40 574
57 44 204
57 45 121
57 47 340
57 48 147
57 49 650
57 50 831
57 51 113
57 52 824
57 53 303
57 54 502
57 55 322
57 56 628
57 58 260
57 59 321
57 60 290
57 61 396
57 62 456
57 63 889
57 64 826
57 65 938
57 68 759
57 69 455
57 70 221
57 72 310
57 75 189
57 77 317
57 79 217
57 80 821
57 81 767
57 82 870
57 83 136
57 84 55
57 87 41
57 89 761
57 92 177
57 93 922
57 94 777
57 95 359
57 96 52
58 1 511
58 2 341
58 3 482
58 4 902
58 5 406
58 8 729
58 10 75
58 14 575
58 15 714
58 17 760
58 18 833
58 19 90
58 21 590
58 22 647
58 23 980
58 24 638
58 25 157
58 27 515
58 28 691
58 30 144
58 31 47
58 32 547
58 33 165
58 34 58
58 36 469
58 37 764
58 40 522
58 41 139
58 48 900
58 49 15
58 50 840
58 51 73
58 52 306
58 54 549
58 55 305
58 57 131
58 59 326
58 60 967
58 62 230
58 63 960
58 68 307
58 69 981
58 70 55
58 71 475
58 72 245
58 73 144
58 74 527
58 75 971
58 78 239
58 79 569
58 80 961
58 82 251
58 83 582
58 84 646
58 85 889
58 87 844
58 90 761
58 91 323
58 92 43
58 93 969
58 98 339
58 99 639
58 100 361
59 1 308
59 2 152
59 3 693
59 4 791
59 5 782
59 7 988
59 8 242
59 11 55
59 12 195
59 13 124
59 14 799
59 17 64
59 19 465
59 21 267
59 22 384
59 23 474
59 25 533
59 26 914
59 28 491
59 29 5
59 30 938
59 32 776
59 33 586
59 34 200
59 35 986
59 36 346
59 37 673
59 42 277
59 43 926
59 50 179
59 51 364
59 52 85
59 53 353
59 54 681
59 57 813
59 61 614
59 64 206
59 66 998
59 67 711
59 68 721
59 69 116
59 73 251
59 74 755
59 77 75
59 79 662
59 81 382
59 83 612
59 85 156
59 87 86
59 88 798
59 89 174
59 90 130
59 92 582
59 93 381
59 95 745
59 97 196
59 99 948
59 100 964
60 1 387
60 3 629
60 4 984
60 7 104
60 8 689
60 10 820
60 12 175
60 13 917
60 14 810
60 17 762
60 18 596
60 19 181
60 20 899
60 22 700
60 24 14
60 26 218
60 28 111
60 29 778
60 31 345
60 32 886
60 33 603
60 35 459
60 37 117
60 38 25
60 39 768
60 41 756
60 43 357
60 45 67
60 46 381
60 48 19
60 51 12
60 53 983
60 54 399
60 58 922
60 61 891
60 63 395
60 64 354
60 66 286
60 67 266
60 74 870
60 76 529
60 79 47
60 81 687
60 84 98
60 85 275
60 86 231
60 87 570
60 89 982
60 90 889
60 91 836
60 92 560
60 96 101
60 97 228
60 99 511
60 100 978
61 2 404
61 4 319
61 5 17
61 6 262
61 8 126
61 10 101
61 11 489
61 13 451
61 14 744
61 17 362
61 19 993
61 20 836
61 22 68
61 23 270
61 25 141
61 27 143
61 29 2
61 31 553
61 33 677
61 35 259
61 37 72
61 39 45
61 41 952
61 42 180
61 43 497
61 45 337
61 46 932
61 47 322
61 48 348
61 51 65
61 52 35
61 53 133
61 55 128
61 56 261
61 57 543
61 58 904
61 59 206
61 60 674
61 63 324
61 65 954
61 66 532
61 67 567
61 68 725
61 69 4
61 70 201
61 71 295
61 72 253
61 73 446
61 75 660
61 77 223
61 79 929
61 80 293
61 81 510
61 82 953
61 84 374
61 85 242
61 86 880
61 88 53
61 90 563
61 95 571
61 96 436
61 97 886
61 98 816
61 100 910
62 1 456
62 2 817
62 3 501
62 4 126
62 5 491
62 11 21
62 12 513
62 14 202
62 15 68
62 17 206
62 19 537
62 21 717
62 23 286
62 24 577
62 25 985
62 26 199
62 27 768
62 30 630
62 32 903
62 34 319
62 35 342
62 36 784
62 37 74
62 38 242
62 41 654
62 42 55
62 43 579
62 44 724
62 47 533
62 49 962
62 51 339
62 52 498
62 53 955
62 55 905
62 56 314
62 57 138
62 60 723
62 61 64
62 67 984
62 68 817
62 70 720
62 73 63
62 75 118
62 76 738
62 77 675
62 78 267
62 82 324
62 83 374
62 84 824
62 86 101
62 87 438
62 88 729
62 89 217
62 90 154
62 96 592
62 98 854
62 99 44
62 100 713
63 1 209
63 2 263
63 3 538
63 4 576
63 5 29
63 9 221
63 10 635
63 11 145
63 13 449
63 15 722
63 16 973
63 20 198
63 21 682
63 22 319
63 25 789
63 26 434
63 27 718
63 29 922
63 31 317
63 35 895
63 37 984
63 39 638
63 43 731
63 44 688
63 46 417
63 47 345
63 48 435
63 49 40
63 53 905
63 56 546
63 58 52
63 59 53
63 61 823
63 62 842
63 65 299
63 66 469
63 67 387
63 69 649
63 70 463
63 71 873
63 72 757
63 74 85
63 77 997
63 78 780
63 79 97
63 80 536
63 83 988
63 84 872
63 85 34
63 87 547
63 88 868
63 89 973
63 91 213
63 94 288
63 96 101
63 97 902
63 98 545
63 99 355
63 100 384
64 1 270
64 5 412
64 8 671
64 10 672
64 11 362
64 14 711
64 15 898
64 17 815
64 18 392
64 19 606
64 21 551
64 22 111
64 23 852
64 24 639
64 25 292
64 27 771
64 30 419
64 31 913
64 32 238
64 36 515
64 37 499
64 39 364
64 40 561
64 41 62
64 42 314
64 44 175
64 45 839
64 46 756
64 47 420
64 48 891
64 49 108
64 50 538
64 52 860
64 54 119
64 55 632
64 56 660
64 57 699
64 58 158
64 62 81
64 63 985
64 65 28
64 67 8
64 68 907
64 69 941
64 71 117
64 72 469
64 73 275
64 74 947
64 75 459
64 77 556
64 81 321
64 84 94
64 86 824
64 87 450
64 88 32
64 89 999
64 91 666
64 92 91
64 96 14
64 98 168
64 99 940
65 1 941
65 2 823
65 3 179
65 4 384
65 7 187
65 8 750
65 11 830
65 12 827
65 13 733
65 14 764
65 15 685
65 16 85
65 17 228
65 18 250
65 22 398
65 24 656
65 25 992
65 26 719
65 27 64
65 28 483
65 29 818
65 31 809
65 33 156
65 34 704
65 35 858
65 36 763
65 37 394
65 38 207
65 41 900
65 42 81
65 44 267
65 46 738
65 47 694
65 48 793
65 51 631
65 52 435
65 53 585
65 54 836
65 57 172
65 58 190
65 59 442
65 60 11
65 61 303
65 66 463
65 67 643
65 68 953
65 70 138
65 71 255
65 73 725
65 75 559
65 76 361
65 77 857
65 78 507
65 81 29
65 83 573
65 84 63
65 85 475
65 87 160
65 88 996
65 90 829
65 93 113
65 94 275
65 96 716
65 97 920
65 98 601
65 99 966
65 100 566
66 1 190
66 2 785
66 3 253
66 4 266
66 6 935
66 7 224
66 8 795
66 9 859
66 10 496
66 11 484
66 12 229
66 13 526
66 15 893
66 16 915
66 17 782
66 19 202
66 20 217
66 21 640
66 22 896
66 23 33
66 28 315
66 29 348
66 30 910
66 33 909
66 34 739
66 35 168
66 36 734
66 37 630
66 38 582
66 40 346
66 41 362
66 42 334
66 43 145
66 46 281
66 48 530
66 49 966
66 50 129
66 51 779
66 52 33
66 53 341
66 56 746
66 59 593
66 61 522
66 64 149
66 68 314
66 69 998
66 70 651
66 71 369
66 72 173
66 73 847
66 74 376
66 75 527
66 76 156
66 77 668
66 80 320
66 83 2
66 84 653
66 85 196
66 86 362
66 88 755
66 89 660
66 91 453
66 92 86
66 93 307
66 94 601
66 95 845
66 98 587
66 100 989
67 1 178
67 2 152
67 3 120
67 6 200
67 9 11
67 10 256
67 12 5
67 13 884
67 14 701
67 16 119
67 17 525
67 18 407
67 20 319
67 21 763
67 22 119
67 23 144
67 24 710
67 27 997
67 28 504
67 31 728
67 33 185
67 35 856
67 37 442
67 38 562
67 39 591
67 40 638
67 41 371
67 42 273
67 45 772
67 46 334
67 47 402
67 48 156
67 51 916
67 53 370
67 54 280
67 58 106
67 60 761
67 62 180
67 63 511
67 66 460
67 69 449
67 70 362
67 71 404
67 72 394
67 73 734
67 74 782
67 75 92
67 78 881
67 80 416
67 82 645
67 83 958
67 84 212
67 86 330
67 87 182
67 88 159
67 89 443
67 91 911
67 94 538
67 99 942
67 100 27
68 1 964
68 2 715
68 4 981
68 6 423
68 8 690
68 10 605
68 13 945
68 15 54
68 16 731
68 18 654
68 19 509
68 20 147
68 22 784
68 23 377
68 24 286
68 27 800
68 28 160
68 29 424
68 31 17
68 33 346
68 40 762
68 42 623
68 43 132
68 45 999
68 46 389
68 47 139
68 49 760
68 50 473
68 51 357
68 52 62
68 53 122
68 54 112
68 55 245
68 56 313
68 57 426
68 58 482
68 61 662
68 62 702
68 67 528
68 69 583
68 70 258
68 71 944
68 72 525
68 73 319
68 75 447
68 76 130
68 78 783
68 79 533
68 81 954
68 83 355
68 84 383
68 85 528
68 86 3
68 87 651
68 88 867
68 91 841
68 92 836
68 93 848
68 95 297
68 97 893
68 98 94
68 99 106
68 100 952
69 2 868
69 4 563
69 5 655
69 6 159
69 7 652
69 8 998
69 11 83
69 12 599
69 13 46
69 16 968
69 17 249
69 18 557
69 20 926
69 23 447
69 24 844
69 29 148
69 30 504
69 31 419
69 32 965
69 33 832
69 34 459
69 36 778
69 37 427
69 38 700
69 40 294
69 41 687
69 44 723
69 45 608
69 46 932
69 48 962
69 49 637
69 50 396
69 53 8
69 54 232
69 57 361
69 59 515
69 60 911
69 61 179
69 63 13
69 64 931
69 67 924
69 70 834
69 72 134
69 74 900
69 76 135
69 77 226
69 78 511
69 80 250
69 81 819
69 82 120
69 85 364
69 86 415
69 91 448
69 93 698
69 94 964
69 95 564
69 99 666
69 100 671
70 1 684
70 4 723
70 5 603
70 8 770
70 12 880
70 13 917
70 14 133
70 15 63
70 17 516
70 18 280
70 19 710
70 21 911
70 23 623
70 27 554
70 28 500
70 29 172
70 31 906
70 32 600
70 34 639
70 35 494
70 37 883
70 38 69
70 40 824
70 43 415
70 45 436
70 46 455
70 48 882
70 50 671
70 51 89
70 52 328
70 53 999
70 54 903
70 55 133
70 59 481
70 60 12
70 64 276
70 68 411
70 73 758
70 74 122
70 75 344
70 76 638
70 78 193
70 79 45
70 80 561
70 81 268
70 82 742
70 84 342
70 86 358
70 89 968
70 90 207
70 91 984
70 93 871
70 95 3
70 97 862
70 98 235
70 99 789
70 100 415
71 1 682
71 2 509
71 5 846
71 6 148
71 7 566
71 10 344
71 11 177
71 12 926
71 13 991
71 17 452
71 18 188
71 20 438
71 21 69
71 22 975
71 24 125
71 26 310
71 28 545
71 29 82
71 30 633
71 33 857
71 35 122
71 36 770
71 37 474
71 38 503
71 39 681
71 41 108
71 42 10
71 43 577
71 44 781
71 47 178
71 49 448
71 50 291
71 51 968
71 53 687
71 56 814
71 57 591
71 58 365
71 61 473
71 62 432
71 63 77
71 64 176
71 67 680
71 69 760
71 70 282
71 72 913
71 74 421
71 75 353
71 76 815
71 80 949
71 82 223
71 83 898
71 85 578
71 87 165
71 88 534
71 91 294
71 92 921
71 93 450
71 95 444
71 96 397
71 97 402
72 2 489
72 3 702
72 4 1000
72 5 282
72 6 311
72 9 558
72 11 2
72 12 827
72 13 993
72 15 208
72 16 952
72 17 980
72 18 1
72 19 598
72 20 507
72 22 613
72 23 585
72 24 716
72 26 240
72 29 245
72 31 670
72 33 197
72 34 308
72 36 586
72 37 841
72 38 7
72 39 837
72 40 73
72 42 332
72 43 317
72 44 202
72 45 187
72 46 411
72 49 772
72 51 194
72 53 464
72 55 545
72 56 402
72 57 313
72 58 848
72 60 278
72 61 35
72 65 672
72 66 661
72 67 380
72 69 899
72 70 65
72 73 701
72 74 612
72 75 320
72 76 575
72 77 177
72 79 876
72 80 606
72 81 116
72 82 575
72 83 473
72 85 425
72 86 116
72 87 76
72 88 622
72 89 147
72 90 451
72 91 858
72 94 601
72 95 320
72 98 986
72 99 555
73 1 303
73 2 205
73 4 769
73 6 715
73 8 637
73 9 194
73 10 408
73 15 469
73 17 933
73 19 10
73 20 537
73 22 100
73 23 823
73 24 23
73 25 668
73 26 261
73 27 542
73 28 634
73 29 734
73 31 951
73 33 545
73 35 336
73 36 336
73 37 463
73 38 498
73 40 108
73 42 739
73 43 903
73 44 842
73 45 8
73 47 538
73 48 325
73 49 249
73 50 657
73 51 550
73 52 508
73 53 572
73 54 516
73 56 27
73 57 646
73 60 724
73 61 4
73 63 991
73 64 76
73 67 355
73 68 498
73 70 229
73 71 68
73 72 672
73 74 516
73 77 844
73 79 827
73 82 375
73 83 25
73 86 696
73 87 973
73 89 649
73 90 936
73 91 995
73 93 524
73 97 543
73 98 53
73 100 643
74 1 200
74 2 2
74 3 510
74 5 422
74 6 118
74 8 287
74 9 541
74 12 246
74 13 373
74 15 584
74 18 99
74 19 721
74 20 352
74 21 431
74 22 21
74 23 650
74 25 747
74 26 716
74 29 190
74 30 422
74 31 137
74 32 366
74 34 30
74 36 989
74 39 223
74 40 709
74 41 652
74 42 506
74 44 628
74 45 759
74 47 54
74 48 982
74 51 144
74 52 321
74 53 544
74 54 422
74 55 213
74 56 381
74 57 407
74 58 468
74 60 996
74 62 262
74 64 195
74 65 717
74 66 880
74 67 788
74 68 350
74 69 321
74 70 301
74 71 768
74 72 830
74 73 766
74 77 97
74 81 629
74 83 106
74 84 68
74 85 237
74 86 243
74 88 3
74 89 446
74 90 234
74 91 723
74 94 126
74 96 804
74 98 967
75 2 711
75 3 888
75 4 558
75 5 601
75 6 373
75 8 809
75 9 654
75 10 328
75 11 524
75 12 801
75 13 191
75 14 976
75 15 539
75 16 353
75 18 590
75 19 722
75 20 882
75 22 126
75 25 697
75 26 596
75 27 241
75 28 418
75 30 996
75 32 646
75 36 398
75 37 750
75 38 558
75 39 780
75 40 116
75 42 165
75 43 235
75 44 609
75 46 270
75 49 705
75 52 613
75 53 422
75 56 947
75 59 864
75 61 584
75 65 188
75 66 341
75 67 953
75 69 74
75 70 659
75 71 293
75 72 429
75 73 86
75 74 577
75 76 862
75 77 298
75 78 402
75 81 494
75 82 810
75 83 386
75 86 875
75 88 317
75 90 935
75 94 919
75 96 431
75 100 282
76 1 483
76 2 871
76 5 109
76 6 130
76 8 773
76 11 240
76 12 566
76 13 681
76 14 493
76 15 994
76 16 294
76 17 929
76 18 702
76 21 197
76 24 86
76 27 697
76 28 224
76 30 255
76 31 22
76 32 69
76 33 897
76 35 114
76 36 410
76 38 530
76 41 204
76 43 332
76 44 748
76 45 182
76 47 775
76 48 140
76 49 589
76 51 704
76 53 503
76 55 663
76 56 737
76 57 667
76 59 179
76 60 398
76 61 346
76 62 420
76 63 313
76 64 552
76 65 682
76 66 687
76 68 696
76 70 958
76 71 581
76 72 696
76 74 118
76 75 446
76 77 266
76 78 45
76 83 222
76 84 868
76 85 69
76 86 241
76 94 484
76 96 149
76 98 932
76 99 343
76 100 952
77 1 518
77 2 62
77 3 627
77 4 2
77 5 779
77 6 115
77 7 64
77 9 54
77 10 333
77 11 462
77 12 203
77 13 833
77 14 541
77 15 269
77 16 926
77 17 192
77 18 46
77 21 231
77 23 252
77 27 92
77 28 485
77 30 735
77 32 427
77 33 290
77 35 524
77 36 25
77 38 762
77 39 516
77 40 840
77 41 636
77 47 220
77 49 866
77 52 145
77 53 789
77 58 613
77 59 147
77 60 447
77 61 875
77 62 700
77 63 828
77 64 440
77 65 6
77 66 581
77 67 288
77 69 1000
77 70 110
77 71 193
77 72 734
77 75 942
77 78 687
77 79 355
77 82 563
77 83 407
77 88 721
77 89 811
77 90 951
77 91 343
77 94 821
77 98 156
77 99 341
78 2 908
78 5 18
78 6 521
78 7 479
78 9 83
78 10 290
78 11 918
78 12 309
78 15 336
78 16 689
78 17 108
78 18 636
78 19 96
78 20 414
78 22 751
78 23 570
78 24 675
78 25 956
78 28 207
78 29 556
78 30 854
78 31 271
78 36 423
78 37 52
78 39 512
78 41 238
78 43 73
78 44 821
78 46 570
78 47 380
78 48 442
78 51 271
78 52 563
78 53 418
78 54 714
78 55 514
78 57 118
78 59 755
78 61 927
78 62 987
78 65 150
78 66 295
78 68 492
78 69 225
78 70 57
78 71 317
78 72 604
78 73 944
78 74 595
78 75 3
78 76 3
78 80 472
78 81 451
78 83 720
78 84 803
78 86 563
78 87 63
78 88 534
78 89 148
78 90 433
78 93 242
78 94 704
78 95 111
78 96 960
78 97 381
78 98 475
78 99 106
78 100 164
79 1 392
79 6 94
79 9 892
79 14 572
79 15 970
79 17 541
79 18 241
79 19 873
79 20 179
79 22 231
79 23 976
79 24 697
79 26 108
79 27 406
79 29 33
79 32 555
79 33 662
79 34 207
79 35 549
79 36 947
79 38 621
79 41 194
79 43 654
79 45 358
79 49 567
79 50 771
79 51 490
79 53 278
79 54 31
79 56 428
79 58 793
79 61 910
79 64 573
79 65 206
79 69 137
79 70 519
79 71 864
79 72 165
79 73 639
79 74 233
79 75 694
79 76 119
79 80 120
79 81 201
79 82 86
79 83 987
79 85 39
79 86 643
79 87 467
79 89 592
79 90 820
79 91 326
79 93 680
79 95 709
79 96 107
79 97 608
80 2 766
80 3 738
80 4 567
80 5 522
80 6 50
80 8 931
80 10 632
80 11 245
80 13 396
80 14 571
80 15 258
80 17 784
80 19 400
80 20 674
80 21 363
80 22 678
80 23 211
80 24 948
80 25 886
80 28 699
80 29 607
80 30 198
80 31 23
80 32 980
80 33 656
80 34 891
80 35 197
80 36 58
80 37 41
80 38 716
80 39 880
80 43 224
80 45 338
80 46 682
80 51 58
80 52 575
80 53 920
80 54 462
80 56 733
80 57 43
80 58 642
80 60 885
80 63 267
80 64 992
80 65 967
80 67 716
80 68 944
80 69 20
80 71 126
80 72 689
80 73 580
80 74 437
80 76 881
80 77 983
80 78 619
80 79 328
80 82 491
80 86 505
80 88 399
80 92 897
80 93 355
80 94 429
80 95 661
80 96 99
80 97 380
80 98 503
80 99 378
81 1 292
81 2 436
81 4 946
81 5 351
81 7 471
81 8 450
81 12 650
81 14 776
81 16 55
81 17 266
81 18 230
81 21 358
81 22 372
81 23 424
81 24 41
81 28 195
81 29 476
81 30 674
81 32 343
81 33 916
81 35 15
81 37 970
81 38 492
81 41 539
81 43 876
81 44 201
81 48 458
81 49 725
81 52 35
81 53 549
81 56 280
81 57 872
81 58 348
81 59 2
81 62 933
81 63 287
81 64 372
81 65 717
81 66 188
81 67 606
81 69 646
81 70 766
81 72 652
81 74 752
81 75 916
81 77 727
81 79 928
81 80 432
81 83 820
81 84 176
81 87 927
81 88 496
81 89 620
81 90 576
81 92 465
81 95 1
81 96 998
81 98 490
81 99 456
81 100 990
82 2 671
82 4 238
82 5 592
82 6 98
82 8 373
82 9 177
82 11 692
82 14 139
82 17 613
82 18 365
82 19 865
82 20 450
82 24 602
82 25 985
82 32 137
82 33 583
82 34 224
82 35 773
82 37 781
82 38 156
82 40 223
82 41 440
82 43 551
82 44 684
82 46 167
82 47 965
82 48 858
82 49 50
82 50 157
82 51 226
82 53 637
82 55 347
82 56 598
82 57 108
82 58 753
82 59 467
82 60 609
82 61 700
82 62 787
82 63 810
82 64 495
82 65 614
82 67 733
82 68 805
82 69 129
82 71 164
82 72 406
82 73 531
82 75 70
82 76 201
82 77 517
82 79 747
82 81 307
82 87 589
82 91 321
82 92 789
82 95 577
82 97 490
82 98 967
82 99 43
82 100 520
83 1 746
83 2 278
83 3 669
83 4 530
83 5 852
83 7 84
83 9 113
83 10 999
83 11 413
83 12 378
83 13 669
83 14 453
83 15 631
83 17 766
83 18 194
83 19 749
83 20 279
83 21 360
83 22 962
83 25 839
83 26 441
83 27 38
83 29 40
83 31 289
83 32 744
83 34 359
83 36 421
83 41 323
83 43 23
83 46 612
83 47 976
83 48 214
83 49 196
83 50 622
83 51 103
83 53 499
83 56 995
83 57 520
83 58 201
83 59 184
83 62 821
83 63 348
83 64 48
83 65 62
83 68 968
83 69 588
83 70 908
83 71 614
83 72 558
83 73 553
83 76 729
83 77 509
83 79 826
83 80 452
83 82 988
83 86 8
83 87 347
83 89 163
83 91 396
83 92 915
83 94 6
83 99 604
84 3 168
84 4 657
84 5 874
84 6 445
84 8 149
84 9 58
84 10 370
84 12 163
84 13 267
84 14 245
84 15 267
84 17 673
84 20 555
84 21 364
84 27 26
84 30 344
84 32 113
84 33 860
84 34 371
84 36 617
84 37 664
84 38 921
84 39 636
84 40 1
84 41 112
84 42 797
84 43 407
84 44 391
84 47 973
84 48 688
84 49 953
84 51 717
84 52 960
84 54 661
84 55 803
84 57 688
84 58 536
84 59 175
84 63 104
84 66 373
84 67 567
84 68 764
84 69 878
84 72 674
84 73 849
84 74 39
84 75 795
84 76 357
84 80 126
84 81 691
84 82 722
84 83 287
84 85 601
84 86 452
84 88 985
84 90 16
84 92 264
84 94 157
84 95 888
84 98 681
84 100 888
85 1 558
85 3 437
85 4 812
85 5 718
85 10 988
85 11 398
85 14 33
85 15 401
85 16 717
85 19 17
85 20 102
85 21 597
85 22 677
85 24 470
85 25 811
85 29 243
85 31 186
85 33 719
85 38 70
85 39 953
85 40 133
85 42 383
85 43 321
85 45 919
85 46 882
85 47 300
85 48 584
85 49 92
85 50 356
85 52 582
85 53 191
85 54 783
85 55 588
85 56 799
85 57 411
85 58 371
85 59 886
85 60 975
85 61 345
85 62 250
85 63 296
85 64 740
85 66 784
85 67 757
85 69 356
85 70 480
85 71 79
85 72 19
85 73 945
85 74 892
85 75 673
85 76 805
85 81 50
85 82 49
85 86 526
85 87 74
85 88 917
85 89 938
85 90 732
85 93 113
85 97 908
85 98 972
85 99 175
85 100 394
86 1 379
86 2 294
86 4 703
86 5 512
86 6 774
86 7 410
86 8 157
86 9 533
86 10 54
86 11 771
86 12 192
86 13 418
86 14 10
86 15 238
86 17 826
86 18 516
86 23 311
86 25 552
86 28 55
86 29 345
86 31 94
86 32 854
86 35 444
86 36 760
86 37 863
86 39 457
86 41 572
86 43 111
86 45 469
86 46 308
86 47 765
86 49 309
86 50 52
86 51 65
86 56 561
86 57 583
86 59 674
86 60 420
86 62 626
86 63 11
86 64 421
86 65 158
86 66 387
86 67 511
86 69 112
86 70 569
86 71 80
86 72 281
86 73 212
86 74 272
86 75 333
86 76 779
86 77 385
86 79 421
86 81 801
86 82 657
86 83 221
86 84 821
86 85 482
86 91 683
86 92 943
86 93 81
86 94 244
86 95 639
86 97 335
87 2 531
87 3 163
87 6 561
87 7 432
87 9 122
87 11 143
87 12 941
87 13 662
87 14 753
87 17 733
87 18 632
87 21 641
87 23 250
87 28 78
87 29 91
87 30 43
87 32 693
87 33 474
87 35 47
87 36 307
87 37 899
87 38 851
87 39 584
87 40 768
87 43 228
87 44 112
87 45 711
87 47 88
87 48 723
87 49 657
87 50 774
87 52 74
87 53 193
87 54 759
87 55 193
87 56 112
87 60 719
87 61 50
87 62 19
87 63 437
87 64 20
87 65 260
87 66 395
87 69 825
87 71 622
87 72 673
87 73 57
87 74 945
87 75 117
87 76 837
87 77 703
87 78 516
87 80 255
87 81 218
87 84 168
87 85 482
87 86 704
87 88 725
87 90 553
87 91 547
87 93 108
87 94 422
87 95 235
87 97 94
87 99 666
87 100 910
88 3 532
88 4 118
88 10 562
88 11 664
88 12 879
88 13 500
88 14 722
88 17 309
88 19 260
88 20 410
88 21 128
88 24 99
88 27 994
88 29 500
88 30 974
88 33 116
88 37 296
88 39 949
88 40 266
88 42 407
88 45 366
88 46 571
88 47 715
88 48 72
88 49 623
88 51 353
88 52 90
88 53 711
88 54 556
88 58 327
88 59 810
88 60 984
88 62 852
88 64 644
88 65 768
88 67 477
88 70 55
88 71 153
88 72 255
88 73 875
88 77 911
88 78 697
88 79 745
88 81 985
88 82 121
88 83 532
88 84 66
88 86 211
88 87 811
88 91 215
88 93 441
88 94 19
88 95 990
88 97 400
88 98 396
88 99 889
89 1 8
89 2 848
89 3 351
89 4 105
89 6 197
89 7 312
89 10 75
89 12 279
89 14 323
89 15 486
89 18 459
89 19 590
89 20 880
89 21 270
89 24 83
89 26 903
89 27 447
89 30 163
89 31 566
89 32 469
89 33 610
89 37 232
89 39 305
89 41 320
89 42 806
89 44 227
89 45 386
89 48 500
89 50 297
89 52 992
89 53 863
89 54 498
89 55 500
89 58 217
89 62 798
89 63 442
89 64 280
89 66 493
89 67 828
89 68 541
89 70 723
89 71 733
89 73 100
89 75 694
89 76 250
89 77 504
89 79 644
89 82 408
89 85 886
89 86 879
89 87 578
89 90 420
89 93 375
89 94 959
89 95 473
89 96 318
89 98 703
89 99 990
90 1 716
90 2 852
90 3 577
90 4 510
90 8 144
90 10 777
90 11 366
90 12 193
90 16 969
90 18 707
90 20 261
90 21 34
90 22 46
90 23 510
90 24 528
90 26 834
90 27 989
90 28 524
90 30 478
90 32 710
90 33 84
90 36 494
90 37 423
90 42 280
90 46 753
90 47 937
90 49 529
90 50 769
90 51 997
90 52 803
90 53 733
90 54 373
90 55 869
90 56 964
90 57 33
90 58 927
90 59 484
90 61 507
90 67 686
90 68 821
90 69 448
90 71 159
90 72 748
90 73 829
90 74 750
90 77 65
90 78 273
90 79 357
90 82 865
90 83 43
90 85 824
90 87 194
90 88 238
90 92 978
90 93 434
90 94 653
90 96 585
90 97 161
90 98 779
90 99 936
90 100 414
91 3 869
91 4 952
91 5 750
91 6 837
91 7 559
91 8 731
91 9 595
91 10 35
91 11 165
91 12 335
91 13 951
91 14 484
91 15 253
91 19 346
91 20 744
91 21 658
91 22 384
91 24 789
91 26 286
91 27 326
91 30 834
91 31 394
91 32 14
91 33 163
91 34 940
91 37 715
91 38 187
91 39 37
91 43 725
91 44 875
91 46 203
91 48 462
91 51 242
91 52 917
91 54 53
91 55 12
91 57 514
91 58 250
91 59 692
91 61 93
91 62 781
91 65 228
91 66 811
91 67 956
91 69 848
91 74 778
91 75 417
91 78 966
91 81 813
91 82 542
91 83 652
91 84 727
91 85 641
91 86 392
91 87 472
91 88 22
91 89 785
91 90 16
91 93 61
91 94 421
91 98 114
91 99 958
92 1 30
92 2 553
92 4 457
92 5 390
92 8 606
92 9 714
92 13 993
92 14 832
92 15 408
92 16 851
92 18 187
92 20 959
92 21 854
92 22 858
92 23 847
92 29 834
92 34 867
92 36 905
92 38 171
92 39 527
92 40 880
92 42 778
92 43 881
92 44 107
92 45 592
92 46 911
92 47 689
92 49 84
92 50 498
92 51 125
92 54 185
92 55 878
92 56 724
92 57 379
92 60 318
92 61 544
92 62 377
92 66 402
92 73 999
92 74 590
92 76 64
92 77 104
92 78 385
92 79 550
92 82 71
92 83 453
92 85 891
92 87 764
92 88 421
92 94 67
92 97 658
92 98 478
92 100 268
93 1 803
93 2 54
93 5 45
93 10 963
93 11 774
93 12 846
93 13 493
93 20 506
93 21 690
93 22 706
93 23 533
93 24 76
93 25 862
93 26 205
93 28 556
93 30 623
93 31 732
93 32 673
93 33 884
93 35 393
93 38 479
93 40 58
93 42 286
93 43 604
93 44 366
93 45 27
93 47 894
93 48 688
93 49 225
93 50 945
93 52 921
93 53 870
93 54 241
93 55 360
93 56 628
93 58 494
93 59 756
93 60 763
93 61 515
93 62 934
93 63 734
93 64 938
93 65 282
93 68 928
93 70 326
93 71 644
93 74 709
93 75 495
93 79 814
93 80 297
93 81 262
93 82 117
93 83 733
93 84 89
93 85 869
93 86 682
93 88 295
93 95 774
93 97 651
93 98 178
93 99 509
93 100 764
94 1 762
94 3 103
94 5 965
94 7 803
94 9 800
94 11 177
94 17 822
94 18 214
94 19 154
94 20 924
94 21 308
94 22 939
94 23 98
94 24 503
94 25 249
94 28 455
94 32 143
94 33 945
94 34 934
94 38 966
94 39 182
94 40 458
94 41 794
94 42 711
94 43 701
94 48 634
94 49 695
94 50 571
94 51 657
94 52 19
94 53 373
94 54 523
94 56 93
94 57 385
94 58 879
94 60 123
94 61 665
94 62 245
94 66 465
94 67 45
94 68 447
94 69 643
94 70 483
94 71 187
94 82 839
94 83 800
94 84 138
94 85 669
94 86 785
94 92 386
94 95 61
94 96 251
94 97 335
94 98 333
94 99 351
95 3 527
95 4 446
95 5 280
95 6 338
95 7 11
95 8 829
95 9 38
95 11 345
95 16 672
95 17 177
95 19 554
95 21 7
95 22 660
95 24 731
95 25 686
95 27 929
95 30 210
95 31 165
95 32 387
95 33 211
95 34 42
95 35 937
95 38 647
95 41 106
95 42 345
95 43 100
95 44 452
95 50 287
95 51 413
95 56 409
95 57 400
95 58 144
95 60 42
95 61 540
95 62 987
95 63 531
95 64 467
95 65 247
95 66 307
95 67 795
95 68 414
95 69 270
95 71 14
95 72 143
95 73 607
95 74 177
95 77 668
95 78 668
95 79 866
95 80 665
95 81 57
95 83 140
95 85 359
95 86 862
95 88 588
95 90 20
95 93 607
95 94 215
95 96 749
95 99 641
95 100 619
96 2 506
96 4 296
96 5 473
96 6 699
96 7 971
96 8 268
96 9 778
96 10 265
96 11 357
96 12 327
96 13 847
96 14 129
96 15 412
96 16 80
96 18 679
96 19 655
96 20 369
96 22 420
96 23 522
96 24 851
96 26 158
96 28 817
96 31 262
96 32 555
96 34 701
96 35 109
96 36 318
96 38 157
96 39 209
96 40 830
96 41 42
96 46 560
96 48 916
96 49 398
96 50 433
96 51 595
96 52 217
96 53 797
96 54 520
96 55 864
96 56 687
96 57 24
96 58 473
96 59 670
96 60 272
96 63 27
96 64 780
96 65 603
96 66 375
96 67 889
96 68 624
96 69 64
96 70 946
96 72 26
96 73 974
96 74 460
96 75 539
96 76 553
96 78 686
96 79 158
96 80 724
96 81 484
96 84 667
96 85 353
96 86 798
96 88 473
96 89 432
96 90 330
96 92 171
96 93 273
96 95 930
96 97 551
96 98 844
96 99 793
96 100 683
97 2 500
97 6 49
97 7 251
97 9 121
97 10 346
97 15 693
97 16 693
97 17 472
97 18 575
97 19 836
97 20 581
97 22 735
97 23 193
97 25 4
97 26 219
97 27 306
97 28 961
97 31 395
97 32 612
97 33 932
97 35 202
97 37 270
97 38 559
97 39 526
97 40 925
97 41 117
97 42 745
97 43 677
97 45 545
97 47 490
97 49 186
97 52 223
97 55 80
97 56 859
97 59 618
97 61 544
97 62 53
97 63 590
97 66 310
97 68 779
97 70 646
97 71 782
97 72 772
97 74 839
97 75 719
97 78 164
97 80 587
97 82 943
97 84 1000
97 90 14
97 91 22
97 92 607
97 94 716
97 96 279
97 98 279
97 99 957
98 1 120
98 2 651
98 3 513
98 5 523
98 6 170
98 7 722
98 8 741
98 13 457
98 14 603
98 15 610
98 16 731
98 17 820
98 18 921
98 19 406
98 20 919
98 21 36
98 22 792
98 23 126
98 25 693
98 27 79
98 28 62
98 30 171
98 31 82
98 33 739
98 34 705
98 36 407
98 37 729
98 38 66
98 39 318
98 41 898
98 42 932
98 44 936
98 45 580
98 47 757
98 48 911
98 49 856
98 50 850
98 52 502
98 53 496
98 54 552
98 56 810
98 57 130
98 58 118
98 59 497
98 60 137
98 61 22
98 62 379
98 64 971
98 65 854
98 67 966
98 68 844
98 69 690
98 70 1
98 71 70
98 72 170
98 76 469
98 78 177
98 79 238
98 80 284
98 83 11
98 84 718
98 85 909
98 87 886
98 88 518
98 89 414
98 90 33
98 91 924
98 92 14
98 94 354
98 96 787
98 97 112
99 2 56
99 4 177
99 6 323
99 7 200
99 8 131
99 9 499
99 10 936
99 11 170
99 12 577
99 14 561
99 15 312
99 20 937
99 22 936
99 28 137
99 33 452
99 34 57
99 35 427
99 36 199
99 38 374
99 40 432
99 44 788
99 45 789
99 47 369
99 49 680
99 50 610
99 53 866
99 55 532
99 57 125
99 60 704
99 62 261
99 63 478
99 66 514
99 67 778
99 68 875
99 69 611
99 70 613
99 72 250
99 74 671
99 75 224
99 76 826
99 77 10
99 78 894
99 79 126
99 81 130
99 83 738
99 85 927
99 86 59
99 87 469
99 93 716
99 94 296
99 95 255
99 98 424
99 100 308
100 2 128
100 3 836
100 4 727
100 7 366
100 8 41
100 10 698
100 11 793
100 12 772
100 13 115
100 14 67
100 18 318
100 19 293
100 20 660
100 21 81
100 22 578
100 23 459
100 25 644
100 26 279
100 29 377
100 30 371
100 32 929
100 33 588
100 34 725
100 35 119
100 40 114
100 41 845
100 42 190
100 44 846
100 47 666
100 48 514
100 51 277
100 52 478
100 53 745
100 58 899
100 59 490
100 60 425
100 61 868
100 65 309
100 67 6
100 68 271
100 69 648
100 70 895
100 71 330
100 72 417
100 74 560
100 75 898
100 76 797
100 80 302
100 81 583
100 83 766
100 84 62
100 86 78
100 87 115
100 88 109
100 89 269
100 90 549
100 91 706
100 92 149
100 97 742
100 98 631
100 99 286
