20 153
1 6 183
1 7 113
1 8 43
1 9 2
1 13 85
1 15 53
1 18 193
1 19 177
1 20 196
2 1 183
2 3 57
2 4 128
2 8 111
2 11 107
2 15 109
2 17 44
3 1 32
3 4 12
3 8 138
3 11 34
3 12 173
3 14 130
3 15 62
3 17 179
3 20 19
4 1 41
4 2 159
4 3 75
4 7 182
4 9 99
4 15 1
5 1 187
5 2 198
5 4 91
5 6 143
5 7 137
5 13 21
5 15 152
5 16 99
5 17 139
5 19 1
6 3 82
6 5 40
6 8 186
6 10 6
6 15 6
6 16 66
7 1 164
7 4 39
7 6 137
7 8 158
7 9 120
7 10 78
7 15 149
7 19 24
7 20 54
8 6 173
8 7 44
8 10 52
8 13 28
8 17 107
8 19 186
9 1 29
9 2 103
9 8 179
9 10 18
9 12 97
9 13 60
9 15 111
9 17 189
9 18 188
9 19 67
10 1 41
10 2 103
10 4 189
10 5 49
10 6 55
10 11 78
10 13 188
10 16 60
10 17 39
10 20 81
11 2 109
11 3 45
11 12 155
11 15 40
11 20 106
12 1 72
12 3 177
12 5 196
12 11 93
12 17 80
13 3 81
13 4 126
13 9 33
13 10 8
13 12 54
13 14 114
13 15 69
13 16 33
14 1 111
14 4 193
14 5 189
14 7 50
14 10 39
14 12 137
14 19 172
15 5 25
15 7 104
15 10 63
15 11 193
15 13 190
15 14 50
15 16 192
15 20 29
16 5 51
16 6 188
16 7 69
16 9 191
16 13 116
16 17 127
17 2 184
17 3 147
17 7 65
17 8 85
17 10 71
17 12 48
17 13 65
17 16 141
17 18 87
17 19 12
17 20 163
18 3 133
18 8 184
18 14 115
18 15 69
18 17 160
19 1 141
19 6 116
19 9 121
19 10 74
19 12 56
19 14 7
19 16 87
19 17 102
20 1 35
20 2 187
20 7 183
20 9 65
20 10 27
20 11 16
20 13 127
20 15 153
