57 465
1 5 565
1 13 196
1 21 43
1 37 127
1 41 180
1 47 135
1 48 30
1 50 322
2 6 439
2 9 73
2 10 568
2 51 403
2 52 94
2 54 357
3 37 201
3 40 415
3 45 551
3 50 363
3 52 326
3 55 465
4 9 234
4 14 506
4 31 401
4 43 305
5 1 65
5 8 443
5 10 167
5 21 87
5 28 222
5 29 565
5 36 60
5 51 17
6 2 209
6 7 275
6 15 51
6 31 336
6 33 413
6 38 9
6 43 16
6 46 197
6 50 23
6 55 159
6 56 355
7 6 227
7 8 465
7 13 460
7 31 111
7 33 205
7 36 424
7 53 214
8 2 95
8 16 312
8 17 365
8 20 396
8 30 516
8 32 183
8 33 8
8 46 189
8 51 41
9 1 221
9 2 242
9 4 156
9 8 16
9 17 507
9 37 239
9 50 93
9 54 449
10 1 235
10 4 275
10 5 363
10 15 320
10 18 432
10 30 153
10 34 188
10 41 417
10 47 555
10 54 162
11 26 295
11 33 201
11 35 161
11 36 393
11 40 555
11 46 529
11 51 329
11 55 433
12 10 296
12 16 303
12 20 340
12 29 503
12 34 196
12 40 330
12 44 434
13 4 326
13 19 210
13 25 220
13 27 314
13 33 519
13 39 266
13 42 550
13 43 399
13 45 445
13 53 390
13 56 310
14 3 397
14 20 72
14 28 369
14 34 284
14 39 404
14 47 342
14 48 20
14 54 320
14 57 534
15 10 382
15 19 150
15 23 561
15 32 203
15 37 24
15 42 374
15 52 99
16 8 390
16 12 536
16 14 422
16 37 312
16 44 73
16 51 41
17 8 430
17 16 19
17 20 543
17 36 496
17 37 173
18 30 113
18 38 28
18 41 500
18 45 270
18 52 550
19 13 107
19 23 54
19 26 478
19 33 336
19 53 489
20 8 144
20 12 232
20 14 56
20 22 316
20 33 558
20 35 314
20 43 271
20 44 442
20 49 411
20 51 323
20 53 492
21 5 551
21 10 141
21 31 204
21 36 339
21 37 362
21 43 58
21 44 260
22 3 254
22 34 255
22 57 269
23 15 275
23 16 295
23 18 249
23 24 174
23 36 116
23 42 7
23 52 525
24 9 422
24 23 325
24 31 326
24 32 146
24 39 270
24 41 336
24 49 89
24 54 513
25 11 234
25 17 413
25 27 492
25 29 380
25 32 21
25 39 494
25 40 459
25 45 335
25 46 140
25 50 75
25 53 548
25 54 369
26 13 292
26 17 286
26 33 48
26 37 47
26 39 453
26 42 221
26 45 455
26 48 115
26 51 523
27 2 13
27 13 502
27 16 491
27 25 373
27 33 390
27 50 364
28 5 534
28 27 375
28 33 286
28 44 377
28 45 172
29 21 99
29 24 464
29 35 158
29 46 50
29 47 301
29 48 460
29 49 273
29 50 433
29 53 422
29 56 28
30 1 127
30 8 96
30 10 165
30 18 342
30 31 568
30 46 355
30 49 96
30 55 503
31 4 224
31 6 423
31 21 554
31 24 499
31 33 354
31 37 391
31 45 57
31 46 415
32 10 115
32 15 52
32 25 175
32 37 415
32 42 319
32 55 358
33 4 58
33 6 143
33 8 118
33 19 203
33 26 37
33 37 494
33 40 439
33 42 466
33 43 508
33 47 35
33 57 425
34 2 431
34 10 245
34 22 448
34 24 391
34 53 96
34 54 149
34 55 504
34 56 167
35 11 160
35 12 212
35 16 34
35 20 132
35 26 110
35 30 507
35 42 203
35 52 485
36 5 32
36 7 553
36 11 412
36 17 233
36 23 396
36 46 84
37 2 465
37 9 72
37 15 134
37 16 369
37 25 374
37 26 194
37 31 471
37 32 190
37 45 384
37 49 77
38 6 552
38 11 131
38 27 109
38 43 345
38 47 502
38 49 273
38 53 434
39 13 248
39 14 200
39 25 152
39 51 44
39 57 399
40 3 445
40 12 423
40 18 330
40 21 168
40 33 537
40 45 196
40 47 20
40 49 182
40 52 358
41 10 449
41 11 38
41 12 544
41 18 149
41 22 285
41 24 94
41 30 464
41 34 71
41 54 343
42 10 289
42 13 91
42 15 508
42 17 400
42 22 141
42 26 205
42 29 143
42 33 80
42 49 133
43 13 367
43 20 132
43 30 199
43 37 293
43 38 129
43 45 154
43 49 45
43 56 367
44 12 150
44 15 281
44 16 220
44 20 436
44 46 303
44 53 140
44 54 309
45 3 17
45 13 99
45 18 215
45 22 477
45 25 4
45 26 464
45 31 188
45 40 445
45 50 86
45 55 361
45 56 561
46 3 148
46 6 504
46 8 323
46 11 58
46 16 465
46 21 95
46 22 302
46 29 69
46 30 105
46 31 25
46 37 469
46 44 524
46 48 145
46 49 171
46 51 463
46 52 559
46 53 86
46 54 484
47 1 378
47 14 239
47 22 191
47 29 423
47 38 308
47 40 402
47 54 254
48 14 426
48 17 14
48 24 259
48 26 466
48 46 248
48 56 53
49 5 23
49 20 394
49 29 128
49 30 16
49 37 9
49 38 561
49 43 449
49 46 211
50 1 278
50 3 299
50 4 84
50 6 247
50 18 468
50 25 237
50 28 498
50 29 489
51 2 113
51 5 251
51 8 123
51 11 561
51 16 377
51 19 19
51 20 54
51 26 485
51 39 505
51 44 290
51 46 489
51 47 254
51 49 38
51 55 557
52 2 57
52 6 173
52 7 328
52 13 89
52 18 47
52 22 452
52 23 250
52 35 269
52 40 190
53 3 509
53 4 175
53 7 450
53 9 242
53 13 501
53 19 207
53 20 147
53 25 179
53 29 136
53 30 392
53 32 306
53 38 538
53 42 488
54 9 208
54 11 132
54 44 279
54 46 234
54 47 477
54 51 441
54 52 351
54 56 423
55 3 570
55 5 45
55 6 457
55 10 389
55 24 283
55 28 67
55 30 348
55 32 96
55 45 368
55 51 112
55 57 430
56 13 432
56 33 181
56 34 503
56 41 189
56 44 72
56 45 377
56 48 501
57 4 497
57 14 93
57 15 514
57 22 58
57 27 351
57 28 295
57 29 131
57 55 292
