150 1223
1 36 1394
1 52 1494
1 73 1108
1 96 1025
1 119 1055
1 127 1187
1 130 903
1 138 377
2 6 233
2 15 583
2 25 322
2 38 1272
2 55 1172
2 93 577
2 111 474
2 149 636
3 17 843
3 18 1277
3 20 857
3 51 194
3 70 857
3 93 60
3 100 573
3 110 300
3 118 991
3 129 532
3 140 1162
3 148 889
4 7 335
4 33 905
4 74 374
4 96 617
4 100 1389
4 149 1036
5 4 1333
5 19 722
5 39 952
5 64 1168
5 80 331
5 121 1366
5 127 381
5 142 411
6 10 321
6 31 792
6 37 689
6 46 1435
6 95 1356
6 147 155
7 15 670
7 19 1393
7 39 78
7 40 684
7 63 1189
7 87 1160
7 112 407
7 120 1160
7 122 10
7 132 118
8 41 501
8 45 1217
8 50 1383
8 59 761
8 64 604
8 117 436
8 124 542
8 138 1006
9 34 65
9 41 13
9 43 686
9 48 951
9 49 1214
9 57 148
9 73 895
9 101 1418
9 120 993
10 6 875
10 13 12
10 26 550
10 54 84
10 89 142
10 97 1494
10 107 42
11 14 1125
11 33 706
11 62 133
11 74 1104
11 119 1081
11 123 1294
11 144 368
12 19 341
12 24 959
12 32 218
12 66 80
12 110 159
12 120 27
12 143 1154
12 147 33
12 148 608
13 16 836
13 26 1242
13 42 1452
13 61 223
13 82 968
13 85 1399
13 91 1051
13 92 688
13 96 19
13 129 1025
13 132 877
13 141 516
14 11 832
14 23 561
14 38 1098
14 39 1098
14 51 1434
14 80 1129
14 99 982
14 105 140
14 107 563
14 131 732
15 7 423
15 34 100
15 37 1188
15 43 541
15 55 829
15 66 852
15 75 1059
15 128 1125
15 137 845
15 139 1353
16 48 268
16 65 637
16 120 1330
16 131 737
16 133 730
16 142 1106
17 25 1155
17 48 431
17 65 848
17 74 849
17 82 368
17 100 41
17 144 499
18 3 881
18 23 309
18 32 634
18 53 801
18 71 594
18 148 1105
19 5 767
19 16 960
19 37 20
19 40 216
19 47 662
19 107 179
19 144 171
19 148 77
20 3 1301
20 10 741
20 22 1205
20 25 651
20 33 1026
20 49 462
20 98 193
20 110 383
20 111 529
20 145 703
21 24 56
21 28 127
21 32 1354
21 88 298
21 112 83
21 117 953
21 125 1352
21 135 739
21 150 135
22 20 1304
22 31 796
22 36 1029
22 46 989
22 78 651
22 96 471
22 120 190
22 134 302
22 142 498
23 18 1472
23 62 1391
23 66 186
23 71 995
23 82 290
23 97 954
23 117 531
23 138 1379
23 142 164
23 148 92
24 3 243
24 21 1065
24 71 940
24 85 414
24 94 235
24 112 565
24 120 915
24 141 962
24 150 437
25 3 1349
25 20 290
25 26 475
25 42 766
25 66 723
25 69 952
25 81 30
25 86 1251
25 89 727
25 90 341
25 92 724
25 96 634
25 109 114
25 122 1311
25 127 1341
26 10 402
26 13 352
26 25 1062
26 53 1318
26 58 480
26 72 839
26 82 687
26 89 722
26 106 1139
27 32 1178
27 43 1420
27 45 75
27 58 81
27 61 596
27 86 1480
27 102 310
27 109 66
27 111 943
27 130 206
27 132 1242
27 135 394
27 143 1034
28 22 1189
28 35 1120
28 74 684
28 96 50
28 102 408
28 124 1467
28 142 1323
28 143 223
29 37 377
29 43 1350
29 51 1156
29 73 1499
29 80 398
29 85 409
29 97 606
29 100 1468
30 11 309
30 46 551
30 55 424
30 86 1423
30 113 549
30 143 182
30 147 1440
31 37 508
31 45 887
31 55 1090
31 80 207
31 96 1452
31 115 1105
31 118 1326
31 146 1051
32 21 1467
32 24 1251
32 27 940
32 89 1007
32 90 148
32 98 1285
32 103 598
32 123 227
32 125 880
32 143 904
33 20 1282
33 47 1459
33 49 1380
33 64 1082
33 82 1279
33 91 44
33 93 584
33 103 1369
33 114 1244
33 138 1303
34 1 1087
34 15 1019
34 28 903
34 82 230
34 104 436
34 122 763
34 124 737
34 142 574
34 149 952
35 95 1391
35 98 1254
35 126 1363
35 138 1438
36 37 967
36 49 1279
36 53 445
36 59 251
36 95 219
36 99 1134
36 107 384
36 115 1139
36 118 1341
36 124 789
36 131 1161
36 132 672
36 143 271
36 147 1216
37 6 776
37 15 899
37 19 439
37 24 194
37 31 996
37 55 352
37 77 955
37 95 834
37 96 315
37 103 773
38 70 220
38 76 845
38 92 704
38 112 897
38 140 1130
38 142 326
38 148 1121
39 14 1326
39 71 536
39 102 1095
39 106 19
39 119 504
39 136 1212
40 2 125
40 22 433
40 29 383
40 69 303
40 83 900
40 89 951
40 106 683
40 108 34
40 134 469
41 5 1253
41 9 1446
41 14 712
41 58 31
41 138 979
42 4 686
42 13 918
42 25 1082
42 35 91
42 77 721
42 82 1044
42 102 1461
42 122 734
42 139 388
42 146 363
43 9 595
43 14 1185
43 15 299
43 22 501
43 27 345
43 29 93
43 44 1147
43 58 838
43 74 349
43 82 982
43 96 1309
43 123 353
43 150 1114
44 41 1160
44 55 1217
44 83 1068
44 103 79
44 123 1253
44 135 1057
45 9 892
45 10 156
45 33 693
45 49 954
45 50 1135
45 71 1172
45 77 1136
45 83 416
45 91 1009
45 101 1370
45 135 1060
45 143 324
45 146 1386
46 6 452
46 10 1392
46 22 482
47 19 1099
47 27 746
47 46 1431
47 48 1128
47 57 980
47 116 1277
47 124 293
47 132 1205
47 145 402
48 16 493
48 17 28
48 34 1413
48 47 1205
48 51 474
48 55 573
48 69 236
48 81 152
48 126 1273
48 131 1296
48 133 1378
49 13 768
49 36 102
49 45 491
49 62 1307
49 68 457
49 75 691
49 86 670
49 127 132
49 130 1161
50 1 931
50 45 529
50 52 105
50 53 506
51 14 1280
51 22 684
51 41 429
51 83 491
51 87 1080
51 89 1322
51 91 1195
52 1 141
52 75 436
52 92 1069
52 107 1478
52 115 1446
53 36 69
53 48 1219
53 57 453
53 79 535
53 89 911
53 105 776
53 111 872
53 144 351
53 145 1125
54 10 20
54 71 662
54 73 69
54 77 779
54 108 563
54 124 862
55 2 332
55 3 625
55 15 584
55 34 937
55 37 935
55 44 1385
55 46 889
55 48 464
55 62 569
55 63 30
55 90 183
55 98 1001
55 102 1082
55 106 548
56 14 448
56 62 1306
56 71 1418
56 81 1129
56 122 41
57 26 1233
57 39 167
57 47 437
57 60 1178
57 76 1411
57 99 1280
57 111 1331
57 123 975
57 125 506
57 131 12
58 26 981
58 27 1162
58 31 321
58 43 418
58 69 980
58 89 93
58 101 193
58 110 623
58 112 677
59 21 867
59 32 110
59 68 474
59 70 232
59 92 1486
59 94 211
59 125 1471
60 9 1382
60 18 399
60 30 1106
60 76 569
60 91 787
60 94 40
60 134 1423
60 139 460
60 144 568
61 27 1490
61 37 561
61 63 1312
61 99 106
61 104 382
61 123 10
61 136 1376
61 139 510
61 147 1198
62 55 69
62 56 1231
62 78 211
62 121 1255
63 7 462
63 11 55
63 55 1216
63 105 977
63 107 1082
63 112 461
63 127 437
63 147 1425
63 148 492
64 1 1250
64 8 93
64 14 203
64 19 826
64 20 186
64 28 89
64 33 1252
64 56 583
64 75 532
64 78 1395
64 84 1479
64 119 953
64 123 682
64 129 1244
64 149 498
65 26 1023
65 102 364
65 127 506
66 5 478
66 7 1377
66 12 1295
66 23 445
66 25 1436
66 55 840
66 62 1498
66 81 1068
66 88 887
66 110 138
66 132 474
66 147 1446
67 33 1425
67 68 1116
67 80 328
67 91 1263
68 49 19
68 67 98
68 92 672
68 124 1016
68 145 229
69 2 983
69 31 283
69 40 204
69 51 1121
69 86 689
69 107 100
69 125 916
70 3 365
70 38 78
70 51 86
70 64 224
70 75 1034
70 76 896
70 124 1265
71 24 261
71 45 694
71 54 189
71 59 537
71 118 520
71 129 1481
71 142 1377
72 79 1360
72 114 1159
73 1 182
73 9 382
73 23 840
73 29 1048
73 112 308
73 126 1077
73 143 1048
74 11 1210
74 12 376
74 28 1067
74 43 1434
74 67 309
74 77 1069
74 134 567
74 135 787
74 144 714
75 15 861
75 64 898
75 70 787
75 89 770
75 101 776
75 111 398
75 144 1102
75 148 322
76 38 1111
76 58 1283
76 70 419
76 80 273
76 82 982
76 91 721
76 101 160
77 35 1000
77 37 1319
77 45 984
77 74 840
77 84 1158
77 112 1388
77 132 587
77 138 305
77 143 13
77 144 505
78 22 546
78 48 696
78 64 104
78 104 725
78 107 751
79 41 1117
79 49 631
79 53 1033
79 72 995
79 81 1288
79 92 390
79 112 649
79 131 1112
80 7 847
80 52 1435
80 67 947
80 78 895
80 119 611
81 16 1173
81 24 335
81 48 473
81 56 889
81 66 1459
81 79 1035
81 101 814
81 122 958
82 3 32
82 17 257
82 21 748
82 42 1212
82 43 320
82 76 1262
82 119 83
82 142 1191
82 143 124
83 40 1285
83 45 378
83 53 188
83 85 871
83 87 210
83 100 868
83 108 1480
83 119 536
84 10 1005
84 14 1494
84 42 1030
84 114 984
84 119 931
84 137 1018
85 14 27
85 29 417
85 59 346
85 83 29
85 90 1238
85 110 1008
85 126 594
85 134 259
85 136 687
86 30 168
86 42 668
86 68 767
86 69 768
86 92 148
86 103 1420
86 122 128
87 7 1404
87 42 1146
87 75 151
87 83 1468
87 84 814
88 31 363
88 54 1477
88 66 834
88 79 794
88 87 625
88 100 600
88 108 245
88 116 1254
88 133 1115
88 134 327
88 136 1339
89 4 633
89 31 1056
89 32 1104
89 40 406
89 51 1128
89 53 1019
89 65 913
89 115 1196
89 120 884
89 144 86
89 147 540
90 36 645
90 85 715
90 94 803
90 110 1298
90 112 1303
90 147 1016
90 150 1158
91 13 1400
91 19 658
91 33 1456
91 40 1405
91 51 1159
91 60 467
91 76 1420
91 95 598
91 101 527
92 13 98
92 20 798
92 25 1009
92 29 483
92 52 1192
92 68 1399
92 79 137
92 86 778
92 101 1296
92 103 151
92 108 226
92 117 109
93 2 507
93 6 1235
93 28 87
93 33 304
93 61 108
93 107 1477
93 136 76
94 2 1143
94 16 1467
94 19 1027
94 24 214
94 59 488
94 62 528
94 122 638
94 139 1029
94 146 376
95 35 433
95 36 76
95 37 992
95 40 683
95 44 1172
95 91 1215
95 117 275
96 25 1471
96 28 13
96 31 307
96 62 1114
96 81 932
96 112 620
96 123 1256
96 131 260
96 132 226
97 10 29
97 29 884
97 30 101
97 43 447
97 110 686
97 137 1208
98 32 120
98 42 327
98 115 29
98 122 61
98 136 666
98 139 676
99 36 645
99 51 151
99 61 294
99 97 1393
99 105 996
99 106 248
99 112 1402
99 141 19
100 3 385
100 17 1340
100 42 740
100 83 517
100 88 1233
100 91 365
100 119 856
101 9 538
101 45 332
101 59 3
101 76 175
101 91 1472
101 92 1494
101 117 307
101 127 1251
101 149 187
101 150 717
102 1 985
102 27 1297
102 34 966
102 39 1137
102 42 187
102 51 54
102 55 1363
102 59 1432
102 65 1076
102 107 1178
102 135 668
102 149 1141
103 32 619
103 33 275
103 37 525
103 44 999
103 51 1127
103 58 1245
103 92 1083
103 104 90
103 121 249
103 122 1119
104 34 617
104 61 223
104 67 1027
104 78 844
104 86 796
104 103 1006
104 137 1025
105 14 89
105 48 271
105 53 1339
105 63 551
105 99 1303
105 101 889
105 139 1262
105 146 231
105 148 508
106 39 541
106 46 831
106 84 1276
106 99 1419
106 110 648
106 121 1500
106 139 332
107 16 1379
107 19 217
107 52 1170
107 63 474
107 93 611
107 102 279
107 123 709
107 131 1236
107 133 758
107 145 835
108 5 60
108 24 248
108 40 970
108 88 480
108 92 897
108 117 1130
109 72 273
109 120 473
109 123 399
109 138 821
110 3 187
110 7 814
110 12 1232
110 58 24
110 66 1031
110 72 25
110 85 1228
110 90 274
110 122 421
111 20 762
111 53 681
111 55 162
111 57 1059
111 138 1375
112 7 208
112 24 407
112 54 1113
112 58 518
112 62 347
112 73 736
112 77 863
112 79 119
112 90 1087
112 99 1028
112 103 856
112 127 963
112 139 593
113 30 822
113 76 782
113 88 1428
113 98 1309
114 21 1087
114 33 695
114 79 1092
114 133 728
115 19 1030
115 76 1291
115 89 620
115 90 731
115 91 1439
115 96 514
115 98 258
115 132 1137
115 137 1136
115 148 1447
116 2 1383
116 4 913
116 7 1297
116 39 750
116 40 817
116 47 684
116 88 35
116 122 1456
116 134 319
116 137 1453
117 63 501
117 89 988
117 92 400
117 101 1281
117 102 822
117 108 1224
117 118 751
118 3 1036
118 31 494
118 51 1357
118 99 116
118 108 880
118 150 233
119 1 124
119 39 269
119 80 1143
119 126 958
119 135 1158
120 9 532
120 19 139
120 21 1302
120 22 1323
120 24 1258
120 65 892
120 75 1374
120 89 484
120 148 1071
121 5 1344
121 47 689
121 59 136
121 91 527
121 103 380
121 106 664
122 25 868
122 42 774
122 81 883
122 86 1120
122 94 701
122 110 1350
122 116 355
122 134 696
122 135 1151
122 148 749
122 150 1090
123 11 1281
123 44 1117
123 47 895
123 52 960
123 60 568
123 64 276
123 146 1056
124 8 759
124 36 1069
124 47 883
124 68 804
124 113 1465
124 123 893
125 32 534
125 38 585
125 57 454
125 59 774
125 61 1050
125 69 667
125 127 459
125 141 1174
126 2 1089
126 9 309
126 48 284
126 85 159
126 129 255
126 134 614
127 1 1369
127 25 938
127 44 1002
127 66 386
127 82 369
127 101 1310
127 112 159
127 125 997
127 128 1416
128 79 733
128 109 62
128 120 1027
128 133 1229
128 142 1340
129 3 649
129 18 1105
129 44 1
129 51 57
129 71 1091
129 100 354
130 13 1473
130 25 372
130 27 484
130 43 701
130 64 509
131 8 322
131 14 1461
131 16 667
131 36 842
131 48 43
131 58 837
131 86 986
131 96 1478
131 118 32
131 130 1132
131 141 40
132 13 779
132 20 928
132 36 1403
132 47 583
132 66 1331
132 73 1493
132 96 347
132 110 1139
132 115 607
133 5 1068
133 15 1365
133 16 139
133 39 1195
133 48 297
133 50 1379
133 89 960
133 107 601
133 138 325
134 4 408
134 23 766
134 60 993
134 74 555
134 76 1198
134 90 799
134 126 1244
135 6 781
135 25 214
135 27 485
135 29 1163
135 35 79
135 44 135
135 74 797
135 75 636
135 102 1031
135 120 458
135 122 1310
135 125 1275
136 48 927
136 61 1186
136 88 882
136 93 1437
136 98 480
136 109 1189
136 140 1059
137 1 108
137 62 428
137 66 349
137 97 469
137 104 794
137 105 697
137 148 875
138 1 131
138 23 1104
138 35 1186
138 77 247
138 109 895
138 111 194
138 123 402
138 133 935
138 142 1029
139 42 1197
139 61 826
139 98 963
139 106 790
139 112 552
139 131 1292
139 140 226
140 3 298
140 38 1401
140 95 1294
140 125 913
140 136 28
140 148 74
140 150 1203
141 24 1169
141 37 199
141 38 158
141 74 240
141 90 999
141 99 984
141 110 71
141 118 18
141 131 956
142 5 492
142 16 719
142 22 4
142 23 1469
142 28 1121
142 31 370
142 38 1352
142 78 1294
142 83 546
142 84 1455
142 105 874
142 122 1449
142 128 773
143 2 461
143 19 192
143 30 869
143 32 548
143 36 332
143 45 1449
143 51 653
143 73 902
143 77 436
143 146 404
144 5 1402
144 17 1194
144 27 1058
144 29 633
144 38 934
144 53 91
144 60 988
144 77 1048
144 116 854
144 148 842
145 3 343
145 38 433
145 47 1293
145 53 659
145 87 950
145 99 843
145 107 845
145 135 1372
145 140 1401
146 45 1432
146 58 653
146 67 182
146 94 520
146 142 624
147 6 459
147 30 858
147 35 1199
147 36 531
147 61 1484
147 63 123
147 66 939
147 90 1277
147 133 1077
148 3 956
148 11 402
148 12 467
148 18 1482
148 23 652
148 29 1127
148 38 1376
148 53 970
148 63 1375
148 94 1281
148 108 1192
148 115 1461
148 120 1301
148 137 1226
148 140 1264
148 144 1224
149 2 385
149 13 1181
149 17 977
149 64 1413
149 101 316
149 102 834
150 21 211
150 43 553
150 60 438
150 101 371
150 118 140
150 140 782
