214 1751
1 12 764
1 17 1401
1 49 497
1 71 690
1 73 1161
1 82 1962
1 83 504
1 85 815
1 92 1030
1 144 114
1 153 148
2 16 2058
2 33 345
2 38 1491
2 92 1554
2 122 2052
2 128 1135
2 153 1298
2 177 423
2 182 924
2 191 101
3 20 643
3 57 484
3 70 2113
3 86 150
3 100 994
3 142 1137
3 185 1512
3 213 1301
4 35 1311
4 166 1251
4 167 575
4 193 1042
4 210 712
5 67 2077
5 79 1013
5 103 2043
5 166 1295
5 170 2009
5 186 202
6 17 363
6 31 1312
6 83 478
6 102 1530
6 181 293
6 201 1694
6 212 1617
7 18 356
7 29 1454
7 89 944
7 99 148
7 103 729
7 115 1238
7 134 1069
7 173 703
7 187 473
7 191 913
7 192 459
7 193 1233
8 21 499
8 75 972
8 93 718
8 128 187
8 133 842
8 144 1154
8 150 109
8 153 1359
8 164 455
8 212 1130
9 34 1236
9 71 1932
9 76 1607
9 88 1862
9 89 1837
9 131 237
9 144 1456
9 159 1971
9 175 268
9 184 358
10 2 871
10 41 1554
10 79 1181
10 85 1349
10 107 977
10 178 1322
10 189 435
10 209 1377
11 5 1314
11 86 773
11 100 1255
11 102 877
11 145 1469
11 158 1242
11 159 1922
12 1 720
12 21 1053
12 38 2025
12 41 2058
12 63 1573
12 76 1078
12 89 1502
12 91 1542
12 97 1860
12 138 486
12 180 655
12 195 443
12 211 1650
13 6 673
13 59 1509
13 76 1479
13 104 1215
13 155 1541
13 167 1043
13 171 286
13 195 1340
13 207 534
13 212 996
14 5 1177
14 76 1380
14 117 1077
14 139 2020
14 141 543
14 150 159
14 157 1887
15 17 2049
15 23 1356
15 32 625
15 57 413
15 62 57
15 111 882
15 142 1872
15 202 982
16 28 882
16 77 2073
16 113 1092
16 124 177
16 131 186
16 205 1692
16 208 2045
17 7 1313
17 70 2048
17 71 628
17 77 1622
17 84 1220
17 127 371
17 131 361
17 173 119
17 183 1823
17 189 1830
17 193 1253
17 196 856
17 199 1845
18 7 1160
18 12 885
18 13 510
18 40 1056
18 101 1115
18 125 2091
18 157 626
18 171 342
18 211 1893
19 28 1033
19 33 1200
19 43 822
19 146 1028
19 166 1445
19 167 1415
19 197 461
20 3 628
20 21 1061
20 111 1188
20 123 1670
20 132 329
20 138 1997
20 164 892
20 185 1185
20 187 1792
21 1 2064
21 5 1131
21 20 840
21 23 1218
21 41 235
21 60 1503
21 89 379
21 91 2015
21 110 1629
21 113 1197
21 203 1846
22 45 1015
22 75 966
22 83 806
22 91 134
22 121 1448
22 125 1697
22 168 958
22 169 346
22 177 33
22 185 1021
22 199 201
23 11 1267
23 29 952
23 32 196
23 44 1841
23 46 273
23 69 1976
23 81 1704
23 93 1668
23 110 908
23 154 1687
24 47 1588
24 53 839
24 69 2126
24 76 119
24 101 614
24 106 967
24 137 773
24 140 2132
24 208 858
25 61 180
25 88 1068
25 143 1965
25 144 1153
25 151 1543
25 152 329
25 166 981
25 174 282
25 195 853
25 207 1341
26 20 2062
26 24 689
26 31 1066
26 71 1521
26 117 670
26 129 781
26 204 654
26 207 1825
27 19 1236
27 32 526
27 39 1220
27 41 974
27 43 759
27 97 324
27 136 739
27 169 351
28 16 1319
28 33 1833
28 51 637
28 76 1776
28 119 498
28 159 1995
28 195 374
28 198 993
29 13 1271
29 21 589
29 75 1433
29 104 72
29 113 141
29 115 889
29 129 170
29 164 110
29 201 2007
29 207 116
30 61 136
30 83 566
30 94 1427
30 96 1968
30 136 619
30 153 1485
30 157 1349
30 183 2042
30 193 186
31 62 2114
31 65 1067
31 70 388
31 73 1132
31 90 278
31 111 1762
31 146 711
31 148 711
31 183 1550
31 209 775
32 17 1348
32 23 940
32 83 567
32 92 1890
32 129 1722
32 151 1382
32 171 1831
32 180 1128
32 212 1092
33 2 1645
33 19 1576
33 28 155
33 52 667
33 133 1536
33 141 1077
33 143 220
33 161 328
33 170 1408
33 172 858
34 22 680
34 53 1957
34 69 1645
34 87 1457
34 97 116
34 124 1439
34 131 1059
34 136 256
34 144 1712
35 52 1570
35 111 1563
35 137 1931
35 149 1251
36 15 747
36 18 351
36 21 2013
36 42 254
36 112 1381
36 113 405
36 149 1270
36 167 973
36 177 1398
36 189 1883
37 35 628
37 40 288
37 54 1858
37 74 1935
37 75 423
37 142 1664
37 153 1765
37 204 1713
37 205 1898
38 12 779
38 35 432
38 43 574
38 100 400
38 120 1790
38 154 301
38 179 1692
39 66 517
39 106 111
39 133 1607
39 138 900
39 158 1714
39 160 1371
39 180 1525
40 18 1264
40 37 1942
40 41 1004
40 98 785
40 172 608
40 193 346
41 12 900
41 21 1949
41 32 369
41 40 391
41 46 1654
41 51 1686
41 112 961
41 152 380
41 180 1610
41 181 1331
42 36 587
42 77 1786
42 187 1644
42 202 1465
42 208 684
43 19 1176
43 27 765
43 38 9
43 117 1975
43 118 1863
43 131 1495
43 141 1467
43 144 935
43 160 396
43 165 1801
43 184 1718
43 188 1848
44 4 282
44 9 855
44 23 1817
44 27 96
44 40 1492
44 49 1138
44 63 322
44 120 448
44 130 1773
44 159 2120
44 184 728
44 212 723
45 10 1368
45 106 674
45 111 1426
45 179 406
45 210 1503
46 23 1915
46 96 35
46 106 174
46 157 188
46 170 1479
47 24 273
47 42 2004
47 136 167
47 206 360
48 77 1169
48 88 261
48 123 1972
48 124 659
48 158 147
48 175 1394
48 192 285
49 1 1740
49 44 229
49 67 1578
49 103 105
49 130 1558
49 158 1992
49 210 1707
50 58 738
50 79 101
50 126 58
50 129 845
50 160 2027
51 29 1041
51 41 667
51 55 883
51 126 991
51 134 1676
51 151 409
51 182 1367
51 187 33
52 35 746
52 53 748
52 71 1582
52 84 789
52 152 1686
52 175 1575
52 180 772
52 183 949
52 186 351
53 34 919
53 109 1897
53 127 2090
53 189 622
53 213 1757
54 21 873
54 26 228
54 37 1740
54 38 476
54 49 1324
54 59 701
54 81 1213
54 173 358
55 39 198
55 51 184
55 64 1503
55 108 1402
55 143 1170
55 205 248
56 33 1975
56 57 926
56 91 1923
56 109 234
56 122 1423
56 133 1922
56 139 942
56 193 651
56 200 1157
57 3 887
57 56 1653
57 58 247
57 82 152
57 136 832
57 161 1615
58 45 703
58 73 1901
58 117 518
58 135 139
58 205 2012
59 36 998
59 54 63
59 81 1710
59 125 1383
59 168 879
59 205 1552
59 214 157
60 4 1787
60 8 1293
60 9 1152
60 71 238
60 96 889
60 141 904
60 157 44
60 164 1494
60 175 478
61 25 1827
61 30 159
61 51 2058
61 91 1712
61 122 1339
61 134 932
61 151 1499
61 156 410
61 159 279
61 177 923
61 189 811
62 15 724
62 31 1231
62 48 1637
62 112 2122
62 129 819
62 142 421
62 200 420
63 12 924
63 61 1357
63 89 1253
63 103 1830
63 108 553
63 146 1477
63 161 164
63 179 1278
64 26 1019
64 55 1678
64 79 622
64 87 188
64 95 2082
64 133 168
64 134 974
64 157 1736
65 60 694
65 66 1188
65 82 1261
65 98 772
65 120 823
65 124 252
65 156 1530
66 87 869
66 99 1751
66 108 1306
66 147 1230
66 169 367
66 211 757
67 5 191
67 27 937
67 32 922
67 75 1138
67 142 1002
67 151 1031
67 176 2131
67 184 862
68 41 987
68 66 759
68 80 1528
68 85 2083
68 105 1689
68 150 511
68 169 381
68 207 253
69 7 1026
69 140 278
69 165 766
70 8 670
70 17 1126
70 66 1681
70 76 611
70 78 638
70 88 181
70 122 583
70 124 1417
70 128 1491
70 140 1213
70 163 2021
70 194 2117
70 198 1104
70 201 400
71 6 794
71 17 203
71 26 1342
71 36 114
71 60 146
71 80 198
71 94 1467
71 105 864
71 122 864
71 141 1497
71 163 73
72 28 1753
72 50 2114
72 68 1304
72 173 1005
72 188 1392
72 206 414
73 31 1509
73 65 271
73 93 1007
73 96 1377
73 118 78
73 135 822
73 176 1073
74 40 1155
74 54 321
74 72 1044
74 100 1721
74 108 1029
74 178 1607
74 198 698
74 199 1826
74 201 998
74 210 1176
75 8 1883
75 22 613
75 29 1426
75 51 1327
75 83 242
75 88 659
75 172 1611
76 9 1736
76 12 573
76 18 1484
76 24 763
76 62 1266
76 98 100
76 123 1796
76 137 1238
76 186 445
77 6 517
77 17 1920
77 42 1600
77 48 565
77 145 263
77 162 116
77 207 719
77 212 872
77 213 1612
78 9 1735
78 66 1627
78 68 817
78 70 1949
78 99 933
78 106 1882
78 110 889
78 121 1304
78 125 545
78 151 1002
78 160 767
78 189 982
79 5 1725
79 10 753
79 64 1798
79 128 1054
79 129 408
79 133 2098
79 142 72
79 150 1943
79 160 300
80 92 455
80 94 1963
80 103 617
80 116 1054
80 197 1714
80 208 231
81 18 581
81 23 1202
81 29 1166
81 86 710
81 90 506
81 139 1361
81 175 962
81 178 1904
81 199 798
82 1 953
82 5 1965
82 39 1923
82 72 555
82 93 2123
82 125 1050
82 170 387
82 174 1977
83 6 261
83 22 1856
83 75 68
83 76 189
83 77 1241
83 92 735
83 110 361
83 112 144
83 146 1685
83 168 1554
83 172 390
83 205 1084
84 17 1254
84 52 2070
84 56 543
84 71 112
84 107 196
84 112 503
84 180 632
84 189 1566
84 214 1167
85 1 380
85 68 959
85 70 518
85 110 440
85 118 1964
85 158 1626
85 162 1706
86 3 1628
86 11 2113
86 12 642
86 81 643
86 113 730
86 124 995
86 125 1748
86 137 1034
86 141 835
86 185 699
87 12 1393
87 55 205
87 116 970
87 130 461
87 131 872
87 140 698
87 152 2115
87 180 1010
87 214 578
88 9 1031
88 33 1139
88 48 378
88 53 1284
88 57 1404
88 70 1124
88 83 771
88 110 299
88 190 667
89 9 22
89 12 53
89 21 1285
89 61 1819
89 163 1910
89 172 1792
89 180 1134
89 201 303
89 211 493
90 61 1090
90 74 885
90 152 1602
90 155 808
90 180 774
91 18 1611
91 21 197
91 22 1731
91 72 1708
91 92 1948
91 125 350
91 128 1387
91 145 704
91 159 485
91 165 2095
91 176 933
91 194 939
92 2 814
92 32 248
92 46 2113
92 54 307
92 66 818
92 113 1591
92 146 742
93 8 1981
93 127 95
93 151 1820
93 163 1063
93 189 1078
93 194 1604
93 198 1033
93 205 1413
94 24 411
94 30 1937
94 71 1395
94 80 626
94 95 468
94 109 691
94 115 720
94 177 1078
94 202 1705
94 210 915
95 12 2081
95 31 180
95 38 76
95 41 2021
95 64 193
95 94 1215
95 169 830
95 181 1179
96 3 658
96 30 1922
96 37 964
96 109 778
96 119 1442
96 133 875
96 143 827
96 145 152
96 158 753
96 163 934
97 8 1701
97 12 986
97 55 1949
97 59 919
97 88 1270
97 128 1476
97 130 234
97 199 2007
97 202 1385
97 210 875
98 40 667
98 75 895
98 143 50
98 170 2026
99 76 571
99 80 162
99 120 1618
99 143 1503
99 161 1606
99 168 1602
99 175 374
99 203 378
100 1 844
100 3 2139
100 74 35
100 123 156
100 149 2032
100 183 1273
101 3 1177
101 17 1707
101 24 790
101 92 1157
101 122 1886
101 183 242
102 6 2028
102 29 1449
102 45 630
102 79 1947
102 89 647
102 105 435
102 114 1861
102 122 316
102 136 113
102 175 844
102 205 439
102 212 1686
103 5 220
103 63 218
103 80 1579
103 160 1193
103 171 687
103 186 871
103 191 1526
103 195 1641
104 11 1051
104 13 1934
104 29 713
104 51 2104
104 55 424
104 89 382
104 113 896
104 148 1338
104 198 130
104 206 61
105 6 589
105 48 169
105 51 2045
105 68 2134
105 89 1903
105 109 527
105 110 1966
105 127 1697
105 176 645
105 209 317
106 15 1737
106 24 1760
106 39 1942
106 78 1507
106 114 896
106 130 385
106 131 985
106 147 162
106 151 242
107 28 1454
107 114 236
107 118 609
107 195 1727
107 198 2033
108 50 1874
108 55 1266
108 121 1513
108 124 571
108 195 613
108 196 1168
109 14 126
109 25 2056
109 53 1450
109 69 1992
109 94 766
109 105 707
109 169 1142
109 175 263
109 209 266
110 9 1885
110 21 573
110 27 1227
110 88 1870
110 89 1229
110 95 1721
110 107 1336
110 214 1144
111 31 1871
111 35 753
111 40 1550
111 45 1832
111 117 1024
111 125 1643
111 138 18
111 201 1127
112 15 1208
112 36 590
112 54 394
112 62 1071
112 84 1989
112 122 1351
112 140 1949
112 199 1866
112 207 813
113 5 701
113 16 1986
113 21 41
113 36 312
113 42 1533
113 104 2129
113 139 1292
113 162 515
113 170 779
113 209 613
114 47 2064
114 48 1699
114 51 1697
114 169 506
114 178 71
115 8 1
115 43 1473
115 145 2103
115 186 1558
115 188 632
115 191 1674
116 34 1754
116 68 1077
116 80 1318
116 87 773
116 111 1890
116 125 272
116 167 2103
116 190 689
117 14 2048
117 23 1121
117 26 998
117 43 1869
117 58 1734
117 68 1887
117 109 642
117 111 1359
117 152 2007
117 206 1817
118 15 383
118 87 1800
118 94 1405
118 107 1643
118 113 1640
118 119 1499
118 128 359
118 165 1137
118 170 376
118 183 1438
118 193 74
119 21 432
119 28 39
119 85 1911
119 96 1952
119 109 913
119 137 1151
119 139 1895
119 162 616
119 163 827
119 189 789
119 192 94
120 11 230
120 38 1544
120 58 1435
120 65 603
120 83 504
120 151 223
120 156 1731
121 22 475
121 105 498
121 108 80
121 210 1844
122 70 97
122 71 1730
122 97 1201
122 98 1731
122 105 1797
122 110 300
122 112 810
122 124 511
122 125 638
122 132 280
122 151 262
122 169 1229
122 190 531
122 209 353
122 214 564
123 20 551
123 100 481
123 158 804
123 164 790
123 192 532
123 204 1044
124 34 528
124 39 240
124 65 129
124 70 940
124 86 1270
124 129 797
124 133 920
124 154 459
124 183 291
124 200 1261
124 207 1393
125 18 491
125 28 1034
125 59 1725
125 78 455
125 79 577
125 86 1925
125 91 1946
125 102 946
125 111 1808
125 116 535
125 161 1781
125 167 139
125 193 1242
126 36 1548
126 50 128
126 104 640
126 115 947
126 162 918
126 176 1178
126 177 776
126 186 295
127 17 1190
127 53 2014
127 93 688
127 99 101
127 105 1881
128 8 1338
128 70 3
128 91 646
128 97 1938
128 106 1483
128 149 1550
128 155 185
128 157 2007
128 209 294
129 50 847
129 53 2071
129 133 849
129 166 1025
129 171 176
130 2 782
130 5 1444
130 30 373
130 44 1139
130 106 52
130 131 1635
130 144 1430
130 152 793
130 163 1782
130 177 1538
130 186 1054
130 192 869
130 201 518
130 203 661
131 34 483
131 113 1801
131 126 93
131 165 187
131 195 434
132 116 243
132 122 123
132 134 452
132 175 2047
132 209 570
133 8 1332
133 21 658
133 64 1518
133 79 2072
133 81 417
133 86 1920
133 96 930
133 139 942
133 140 784
134 44 220
134 51 655
134 64 1760
134 132 216
134 152 1458
134 192 2089
135 64 1265
135 164 912
135 176 475
135 203 170
136 43 810
136 47 1413
136 57 1923
136 98 1179
136 150 727
136 155 1747
136 189 949
136 192 1991
137 24 867
137 76 1420
137 78 1492
137 86 684
137 99 851
137 101 1720
137 119 1292
137 148 1522
137 167 908
137 212 1448
138 4 661
138 12 1420
138 18 1870
138 20 1786
138 39 203
138 47 1065
138 60 479
138 122 812
138 128 1320
138 193 400
139 77 811
139 81 94
139 113 1031
139 152 885
139 156 1367
139 205 309
139 209 1859
140 24 2062
140 30 1575
140 43 1353
140 58 839
140 69 1605
140 70 290
140 112 511
140 133 317
140 176 1196
140 181 1412
140 183 990
141 14 1312
141 27 642
141 60 1378
141 71 1116
141 165 562
141 166 325
141 188 93
142 46 853
142 49 1965
142 52 465
142 62 1152
142 67 2126
142 79 1055
142 157 854
143 18 1142
143 22 203
143 54 1839
143 55 1356
143 96 81
143 98 1800
143 99 383
143 100 2104
143 148 1120
143 179 1369
144 1 1474
144 9 1951
144 43 1106
144 90 348
144 106 80
144 124 1938
144 131 1613
144 191 1533
145 77 66
145 84 301
145 125 230
145 130 746
145 132 1439
145 159 647
145 213 1814
146 19 1880
146 37 394
146 63 1118
146 92 412
146 99 2094
147 27 58
147 36 148
147 45 1899
147 66 2068
147 73 1697
147 85 1987
147 106 444
147 119 1754
147 153 1597
147 154 871
147 162 308
147 212 871
148 23 473
148 31 84
148 33 444
148 104 696
148 157 755
148 159 2084
149 64 1718
149 81 250
149 100 479
149 114 1295
149 128 2081
149 143 1148
150 10 935
150 14 37
150 32 1476
150 52 1558
150 65 1284
150 68 1308
150 79 1695
150 84 1373
150 86 741
150 136 253
150 159 824
150 175 872
150 182 687
150 210 1102
151 32 603
151 42 143
151 67 1872
151 78 1145
151 93 1918
151 106 684
151 120 1126
151 140 1479
151 159 261
151 164 347
151 166 129
151 178 2104
151 205 1383
151 214 1193
152 39 306
152 41 19
152 52 1857
152 129 482
152 130 278
152 134 1720
152 161 288
152 181 1755
152 200 1234
153 1 1627
153 2 1390
153 8 547
153 14 1417
153 30 1181
153 83 457
153 128 1723
153 147 412
153 170 1061
153 188 707
153 189 371
154 23 1709
154 94 1535
154 124 241
154 191 49
155 90 1882
155 136 121
155 172 83
155 201 424
155 207 847
156 81 762
156 150 238
156 190 2134
156 191 1728
156 204 119
157 5 764
157 18 73
157 60 561
157 64 1156
157 69 1629
157 142 877
157 149 305
157 177 352
157 182 1366
158 39 242
158 48 1149
158 49 1733
158 85 1166
158 149 547
158 166 949
158 208 1524
159 9 221
159 11 1816
159 44 2137
159 88 453
159 91 172
159 102 637
159 123 831
159 145 338
159 148 986
159 150 935
159 178 1134
159 206 1835
160 39 1092
160 43 1385
160 50 1209
160 78 1934
160 97 533
160 117 889
160 138 1181
161 32 1743
161 33 1742
161 63 509
161 125 325
161 152 672
161 202 1815
161 205 28
162 18 96
162 60 2128
162 85 1387
162 119 2010
162 126 28
162 147 727
162 150 1872
162 156 122
162 178 1608
163 12 228
163 13 1258
163 71 775
163 96 1126
163 119 1642
163 130 2125
163 184 1792
163 208 1969
164 23 1657
164 68 913
164 190 1523
164 204 1433
165 51 641
165 69 546
165 96 1498
165 99 1962
165 111 82
165 118 215
165 131 1024
165 164 1362
165 168 677
165 175 463
166 25 665
166 87 182
166 151 1048
166 158 878
166 172 1082
166 189 570
166 213 265
167 13 192
167 19 2081
167 34 1139
167 137 263
168 84 19
168 86 687
168 92 159
168 98 910
168 99 2014
168 111 413
168 165 890
168 170 2053
168 177 2076
168 191 331
169 66 1943
169 71 406
169 108 1623
169 114 570
170 5 60
170 36 1159
170 82 1064
170 113 1398
170 118 1602
170 140 2013
170 153 2093
170 168 1112
170 171 185
170 194 765
170 211 1110
171 18 1003
171 25 337
171 63 1894
171 103 1434
171 106 1344
171 170 2109
171 176 295
171 211 1645
172 40 1979
172 83 669
172 95 1158
172 155 2125
173 7 1219
173 72 1692
173 108 797
173 159 2
174 25 1726
174 40 1534
174 56 286
174 57 1981
174 72 1901
174 82 855
174 130 319
174 151 568
175 11 787
175 52 333
175 57 136
175 81 107
175 99 589
175 102 1328
175 109 965
175 130 1692
175 164 890
175 176 1296
175 177 1787
175 184 707
175 202 2094
175 210 800
176 4 1840
176 39 297
176 53 2066
176 62 1668
176 91 1950
176 105 202
176 135 1000
176 171 406
176 175 1591
176 180 1209
177 2 1021
177 3 1345
177 30 1490
177 36 2009
177 61 88
177 94 583
177 122 1159
177 126 1232
177 168 622
177 209 82
178 34 377
178 81 1227
178 114 713
178 119 1781
178 124 1089
178 135 344
178 153 1302
178 208 1795
179 13 1789
179 45 372
179 143 1780
179 145 1454
179 190 913
179 213 762
180 7 1456
180 12 870
180 25 1730
180 32 1401
180 41 622
180 52 1202
180 84 1713
180 89 760
180 90 1876
180 126 873
180 202 1723
180 204 1256
181 6 1104
181 29 2109
181 56 140
181 152 1532
181 194 2069
181 196 461
181 214 423
182 2 483
182 15 864
182 50 412
182 51 1157
182 121 293
182 133 1739
182 157 1651
182 186 1674
182 196 769
183 17 1539
183 30 1616
183 31 1475
183 45 708
183 52 442
183 100 1976
183 101 1585
183 129 779
184 43 1979
184 44 615
184 54 2086
184 67 1753
184 119 1991
184 128 1617
184 163 1863
184 208 622
185 3 432
185 22 1692
185 121 374
185 123 1854
186 52 807
186 55 1097
186 103 847
186 126 992
186 130 1099
186 131 943
186 168 1981
186 182 1894
186 192 383
187 7 1504
187 20 1712
187 51 1544
187 109 646
187 122 1733
187 146 1767
187 147 212
187 189 1417
187 205 846
188 43 1149
188 67 73
188 100 2079
188 115 249
188 211 690
189 10 324
189 17 804
189 36 1849
189 53 154
189 61 1395
189 84 1260
189 93 355
189 127 473
189 135 206
189 136 911
189 139 86
189 166 546
189 213 1678
190 2 571
190 88 1165
190 124 994
190 139 129
190 148 1217
190 156 1692
190 164 331
190 179 1892
190 191 1058
191 2 931
191 7 498
191 38 1789
191 101 127
191 139 593
191 154 866
191 156 1663
191 173 1402
191 190 1179
192 4 1346
192 7 1469
192 42 10
192 48 575
192 57 1609
192 123 1215
192 129 2032
192 134 1560
192 136 1684
192 146 391
192 147 1376
193 4 405
193 7 1950
193 10 711
193 17 593
193 40 424
193 88 525
193 119 1179
193 185 11
194 60 172
194 70 1450
194 91 977
194 103 1204
194 165 1963
194 181 438
194 205 1314
195 12 628
195 108 1235
195 131 1195
195 182 1916
195 210 1590
196 31 940
196 108 1756
196 174 2037
196 177 665
196 182 662
197 20 209
197 76 230
197 80 711
197 116 144
197 126 1587
197 171 31
197 191 1980
198 23 282
198 70 1000
198 74 447
198 104 472
199 3 932
199 17 1725
199 54 1537
199 64 1846
199 74 1956
199 81 1517
199 97 726
199 157 908
199 211 1532
200 33 584
200 56 1813
200 62 888
200 111 562
200 117 1034
200 124 1802
200 132 1320
200 179 2035
201 42 1492
201 74 1526
201 82 941
201 89 231
201 111 688
201 116 1928
201 155 1449
201 170 550
201 199 1616
202 15 1436
202 42 1280
202 94 1816
202 97 1817
202 135 319
202 178 1349
202 180 840
203 20 1915
203 99 668
203 130 137
203 147 128
204 26 1280
204 37 503
204 52 1532
204 85 363
204 123 1085
204 153 263
204 156 1231
204 180 1692
205 16 205
205 37 307
205 55 1463
205 59 1179
205 81 985
205 83 947
205 102 739
205 104 455
205 139 1298
205 151 186
205 155 613
205 194 189
206 47 1425
206 86 1304
206 104 345
206 121 1425
206 123 1636
206 159 1917
206 210 278
207 12 1269
207 26 193
207 29 1291
207 59 1859
207 77 1422
207 112 754
208 24 742
208 78 1767
208 80 512
208 113 1298
208 124 1615
208 158 1739
208 170 47
208 193 801
209 10 1101
209 30 2115
209 31 501
209 46 2057
209 105 2125
209 122 456
209 126 1238
209 128 865
209 129 1114
209 139 928
209 162 353
209 169 201
209 177 1443
209 189 1167
210 4 1860
210 18 1873
210 94 1000
210 97 786
210 138 1861
210 195 1987
210 206 1503
211 18 518
211 67 965
211 188 142
211 199 463
211 206 1738
212 4 1199
212 6 37
212 9 302
212 13 1762
212 32 202
212 44 666
212 102 925
212 109 83
212 168 553
212 196 678
212 214 726
213 1 1756
213 3 586
213 154 2105
213 174 1415
214 84 293
214 110 2123
214 122 1882
214 132 402
214 151 250
214 181 322
214 212 1382
