870 870
1 725 8298
2 712 6243
3 6 4316
4 36 4388
5 91 1852
6 367 3994
7 849 4668
8 764 3424
9 805 287
10 173 4907
11 835 4659
12 251 398
13 838 8667
14 250 1948
15 670 8248
16 278 1133
17 95 363
18 847 6679
19 514 2021
20 368 7059
21 806 1583
22 347 4974
23 792 118
24 786 5769
25 831 5395
26 183 5894
27 402 533
28 241 4820
29 294 4046
30 800 4029
31 32 3090
32 371 194
33 594 406
34 432 4847
35 264 7401
36 263 7010
37 591 6461
38 2 7824
39 679 1909
40 543 6968
41 496 1438
42 171 6243
43 147 5362
44 61 8188
45 448 8229
46 446 1431
47 655 3690
48 54 5537
49 460 3563
50 112 277
51 426 3945
52 76 4038
53 247 7345
54 665 1478
55 238 7653
56 192 5160
57 513 1057
58 639 5323
59 810 2450
60 24 4459
61 588 6384
62 305 7202
63 243 5949
64 772 4712
65 657 923
66 804 4217
67 500 8286
68 35 5249
69 358 3841
70 538 3676
71 774 2362
72 610 6634
73 283 1267
74 288 8509
75 492 6320
76 461 2120
77 449 8379
78 510 2070
79 856 2451
80 458 7836
81 629 4041
82 516 1106
83 398 5808
84 683 1748
85 317 7748
86 604 7329
87 380 444
88 740 4777
89 475 3407
90 22 7528
91 83 6417
92 139 5358
93 47 6561
94 86 5731
95 756 2440
96 240 6681
97 495 3095
98 265 4070
99 428 1892
100 9 3002
101 292 3887
102 135 147
103 181 4518
104 485 7510
105 866 2645
106 314 2577
107 430 2366
108 48 4192
109 201 5898
110 42 6263
111 242 153
112 244 2373
113 695 152
114 808 2945
115 343 4775
116 628 8642
117 203 8680
118 129 5374
119 182 3172
120 731 972
121 702 5985
122 771 4563
123 651 8173
124 803 8247
125 160 8105
126 501 73
127 687 3920
128 418 3866
129 198 6748
130 23 8495
131 179 5525
132 128 3996
133 547 5216
134 378 7604
135 290 4000
136 765 4137
137 827 7032
138 612 4237
139 93 4054
140 13 2846
141 807 4655
142 300 1141
143 582 3927
144 490 3693
145 92 1138
146 623 1242
147 175 5816
148 113 577
149 811 405
150 690 4588
151 535 4168
152 151 8032
153 361 7723
154 754 1284
155 102 5956
156 321 8219
157 464 4772
158 202 632
159 699 4570
160 523 1250
161 88 3214
162 783 6798
163 801 5142
164 576 3835
165 185 7894
166 809 5869
167 859 4330
168 293 3672
169 752 5040
170 259 1695
171 211 8219
172 196 1752
173 666 378
174 677 2167
175 709 3833
176 63 1047
177 552 2871
178 611 3987
179 457 3669
180 551 7660
181 191 1181
182 75 8608
183 39 4250
184 279 3164
185 51 4850
186 325 7241
187 390 2830
188 15 2339
189 70 8546
190 818 6272
191 675 5162
192 857 5199
193 16 4164
194 152 484
195 223 6183
196 553 1392
197 10 7616
198 328 1460
199 499 5069
200 388 232
201 337 6526
202 376 1214
203 316 2376
204 549 7979
205 528 6136
206 313 5315
207 340 6712
208 72 4875
209 258 6140
210 503 4582
211 107 854
212 411 7607
213 209 6921
214 463 698
215 342 7551
216 787 4610
217 419 3605
218 744 7323
219 353 5274
220 20 767
221 385 2624
222 621 4673
223 450 2928
224 369 7863
225 423 5540
226 861 1967
227 647 1475
228 542 7850
229 40 7013
230 790 7006
231 236 523
232 526 4674
233 722 6663
234 627 3005
235 34 6987
236 443 2718
237 617 6542
238 828 6729
239 524 8171
240 146 3478
241 270 3064
242 798 6576
243 255 797
244 123 3267
245 789 3771
246 161 8651
247 252 316
248 613 4850
249 38 5932
250 748 8589
251 674 1785
252 862 807
253 767 2310
254 122 6767
255 344 3549
256 348 4922
257 601 2209
258 323 1463
259 456 1279
260 766 6544
261 399 8617
262 134 2285
263 197 6510
264 739 8192
265 793 8542
266 868 8483
267 145 2788
268 291 7011
269 124 5497
270 520 7275
271 541 7262
272 12 2646
273 41 1693
274 556 4192
275 780 3767
276 741 6262
277 440 2517
278 37 157
279 356 4689
280 235 5972
281 659 2175
282 515 2302
283 558 3482
284 470 3866
285 703 73
286 260 8259
287 289 7325
288 736 3678
289 486 6739
290 729 5934
291 467 3803
292 409 3420
293 474 1271
294 285 8001
295 52 783
296 320 7175
297 865 2285
298 391 5034
299 615 430
300 397 632
301 1 2625
302 455 7558
303 246 823
304 853 6991
305 14 5346
306 664 1801
307 442 1327
308 127 6875
309 310 6583
310 230 7993
311 167 6608
312 680 6837
313 27 5686
314 8 8119
315 413 2947
316 404 4084
317 94 4521
318 338 8476
319 408 6994
320 130 5466
321 795 4906
322 90 6385
323 753 7223
324 757 471
325 360 6623
326 825 5008
327 277 4466
328 688 7585
329 109 1039
330 215 7811
331 493 4701
332 667 498
333 231 2339
334 377 3804
335 427 5926
336 365 4770
337 416 231
338 329 5263
339 716 4637
340 339 4481
341 53 7349
342 55 4695
343 817 279
344 166 1529
345 46 6945
346 850 160
347 799 3834
348 727 8565
349 607 1168
350 701 4884
351 180 5898
352 562 8320
353 462 526
354 466 422
355 559 4839
356 229 5895
357 483 3914
358 77 1806
359 193 7523
360 4 6022
361 78 1050
362 401 384
363 822 6320
364 57 2826
365 755 7927
366 692 3767
367 494 656
368 478 5715
369 522 2358
370 381 3607
371 447 5416
372 178 6204
373 199 5207
374 319 1871
375 45 4959
376 836 3288
377 287 4953
378 834 1246
379 726 8187
380 143 3688
381 580 7171
382 49 283
383 471 2114
384 396 4966
385 438 6980
386 571 8567
387 98 903
388 618 8533
389 133 5612
390 429 6687
391 96 2361
392 763 7488
393 375 4822
394 778 4238
395 50 4243
396 103 1889
397 257 5092
398 673 1006
399 383 181
400 417 2675
401 208 5858
402 694 2060
403 867 2388
404 157 7401
405 587 2046
406 435 2356
407 207 5468
408 717 7087
409 750 839
410 686 5411
411 837 5577
412 331 5384
413 502 8316
414 532 1277
415 595 4913
416 170 6342
417 233 3923
418 711 941
419 791 7045
420 445 1104
421 30 3267
422 855 160
423 142 4448
424 534 6593
425 224 2324
426 654 3971
427 227 4942
428 349 8274
429 441 7596
430 453 2928
431 105 3225
432 410 6753
433 268 815
434 669 5322
435 638 5172
436 841 3022
437 480 6651
438 564 5960
439 550 738
440 472 5827
441 415 7660
442 642 5584
443 335 6833
444 272 6364
445 616 5411
446 635 1951
447 854 6242
448 228 2085
449 18 2684
450 312 2313
451 479 4593
452 844 1880
453 718 6019
454 575 1784
455 299 874
456 788 107
457 829 7003
458 301 1459
459 603 1373
460 540 4201
461 732 1454
462 546 4273
463 403 7350
464 777 7010
465 864 6187
466 256 3716
467 568 2531
468 548 2048
469 577 1172
470 848 696
471 852 2221
472 626 7908
473 574 1331
474 512 2254
475 775 5209
476 121 256
477 99 344
478 386 8391
479 217 6039
480 189 3385
481 706 6601
482 531 435
483 232 8554
484 437 5012
485 689 337
486 633 3186
487 652 272
488 132 6030
489 56 7523
490 760 5697
491 863 878
492 43 5070
493 696 2574
494 459 4807
495 59 1267
496 355 8638
497 735 6536
498 737 1614
499 708 2507
500 364 2135
501 592 940
502 222 126
503 724 6962
504 590 5400
505 813 8696
506 354 3069
507 318 3671
508 87 4901
509 373 5405
510 148 4742
511 507 1860
512 544 8300
513 245 4423
514 58 626
515 407 1897
516 326 5698
517 784 7690
518 89 6811
519 44 2820
520 405 5992
521 439 7346
522 74 8212
523 153 7074
524 302 5385
525 812 1763
526 681 7647
527 477 3204
528 498 5794
529 165 8652
530 487 7911
531 136 5822
532 205 1763
533 823 2594
534 648 2344
535 149 7781
536 341 6329
537 68 589
538 508 4542
539 159 2709
540 370 1604
541 308 1731
542 25 6601
543 614 2076
544 608 1127
545 400 2541
546 762 1481
547 116 1261
548 226 6111
549 225 2797
550 563 2919
551 374 6305
552 73 2728
553 555 592
554 668 386
555 384 1591
556 661 481
557 62 5182
558 728 3747
559 150 3771
560 141 4373
561 573 5843
562 794 3290
563 707 1930
564 120 1489
565 583 3798
566 280 2217
567 97 8051
568 785 4597
569 519 5261
570 137 7962
571 567 6935
572 672 4197
573 334 8002
574 698 5590
575 262 333
576 327 3752
577 315 2243
578 586 6981
579 796 4113
580 28 237
581 545 597
582 816 6649
583 392 2011
584 509 1892
585 431 6002
586 846 6689
587 566 1716
588 758 8006
589 267 5574
590 469 8339
591 525 6866
592 646 4323
593 433 8168
594 101 5132
595 751 6493
596 221 3941
597 330 8273
598 719 8510
599 296 7495
600 720 4020
601 802 7798
602 697 5756
603 118 2326
604 64 205
605 476 8001
606 216 5544
607 634 8051
608 412 6713
609 529 4492
610 851 4150
611 768 5946
612 60 3788
613 723 2187
614 565 1480
615 589 8455
616 444 7610
617 491 6572
618 721 3692
619 602 5427
620 286 8663
621 298 8500
622 569 6373
623 82 6979
624 734 6260
625 350 470
626 117 7487
627 188 4159
628 190 654
629 749 5320
630 275 3682
631 322 879
632 713 1070
633 389 7015
634 511 5837
635 204 7700
636 730 8653
637 759 5179
638 579 2046
639 172 6787
640 671 5127
641 424 5522
642 218 8579
643 705 1065
644 194 7431
645 468 8575
646 625 8599
647 830 1074
648 31 828
649 174 2663
650 714 1107
651 505 264
652 637 1878
653 821 5789
654 81 1765
655 600 455
656 248 1050
657 776 6621
658 212 8058
659 814 5318
660 372 2022
661 281 3035
662 738 5755
663 309 2179
664 609 2793
665 138 1000
666 465 2700
667 747 2719
668 71 3755
669 663 6610
670 7 1015
671 488 7689
672 536 1403
673 114 4734
674 557 6332
675 779 1674
676 295 3481
677 333 1095
678 84 729
679 815 3469
680 67 3516
681 254 5666
682 684 7442
683 517 1653
684 840 2063
685 379 2369
686 644 6770
687 620 6043
688 581 5675
689 111 919
690 125 6596
691 645 7470
692 17 3487
693 311 8168
694 177 5096
695 297 2745
696 860 8139
697 351 5425
698 115 810
699 436 6755
700 643 3339
701 870 8643
702 359 1758
703 656 6541
704 630 8305
705 273 2495
706 742 8076
707 527 8049
708 394 7185
709 843 6776
710 33 577
711 773 4949
712 85 7711
713 660 8058
714 833 3177
715 653 1769
716 745 5271
717 858 6211
718 253 3449
719 304 132
720 421 3641
721 761 5934
722 640 7115
723 5 6551
724 434 675
725 187 5398
726 839 1989
727 352 2494
728 650 1639
729 346 1369
730 336 3953
731 366 864
732 420 4661
733 649 1921
734 451 4998
735 104 1978
736 704 2408
737 700 4300
738 797 5025
739 66 2418
740 234 1620
741 685 2269
742 80 8242
743 641 7652
744 504 3815
745 163 3904
746 176 7156
747 110 5438
748 662 1688
749 676 3716
750 26 75
751 237 3702
752 155 553
753 186 4146
754 108 2788
755 539 6437
756 274 2016
757 506 3963
758 382 1637
759 710 7513
760 261 1508
761 271 4483
762 554 7853
763 106 2766
764 425 1510
765 131 6935
766 158 5252
767 357 4552
768 596 8531
769 533 5908
770 126 3843
771 678 736
772 169 6254
773 824 7658
774 21 5207
775 578 2390
776 636 3858
777 572 7304
778 29 6238
779 693 4463
780 746 3480
781 869 3152
782 622 5248
783 387 6735
784 282 351
785 162 8032
786 11 1263
787 210 6686
788 239 3948
789 631 8685
790 144 3780
791 195 3224
792 619 8553
793 561 5955
794 481 2562
795 658 6101
796 324 20
797 598 5253
798 214 7325
799 406 4925
800 206 3943
801 184 2026
802 452 6654
803 414 3784
804 119 3438
805 249 814
806 332 5951
807 497 2858
808 454 2090
809 269 4000
810 306 1869
811 530 583
812 560 2111
813 220 6877
814 743 3230
815 100 1222
816 276 4943
817 597 4017
818 826 3464
819 200 1910
820 156 5183
821 69 5789
822 832 7760
823 484 5418
824 820 3405
825 605 3996
826 770 5192
827 819 177
828 537 3875
829 362 1015
830 303 1068
831 363 5293
832 691 4067
833 769 7483
834 422 6965
835 393 6419
836 79 2510
837 219 347
838 845 4960
839 473 6957
840 395 6042
841 570 1960
842 345 542
843 593 3239
844 782 8422
845 606 6561
846 482 4960
847 266 6362
848 521 4553
849 489 1119
850 624 1628
851 584 7985
852 781 4002
853 715 2992
854 168 3991
855 733 1475
856 632 3625
857 842 6037
858 154 6560
859 518 7096
860 213 988
861 307 3683
862 140 2858
863 65 3259
864 599 6802
865 19 3788
866 284 2578
867 682 2915
868 585 5098
869 3 4736
870 164 5917
