31 244
1 4 83
1 5 32
1 6 166
1 8 171
1 10 95
1 15 109
1 19 184
1 25 188
1 26 32
1 27 22
1 28 119
2 4 255
2 6 197
2 7 226
2 15 271
2 19 86
2 27 307
2 28 207
2 30 162
3 20 215
3 21 183
3 25 273
3 26 2
3 28 122
3 30 133
3 31 259
4 1 197
4 3 212
4 7 93
4 8 64
4 11 298
4 12 8
4 26 147
4 27 271
4 29 59
5 1 3
5 6 15
5 7 31
5 12 104
5 21 33
5 24 167
5 25 51
5 29 57
6 2 38
6 3 167
6 11 254
6 16 259
6 24 8
6 25 35
6 28 57
6 29 125
7 1 27
7 2 26
7 4 292
7 5 172
7 9 176
7 11 80
7 12 18
7 13 226
7 16 185
7 21 223
7 24 233
7 28 87
7 29 287
8 1 285
8 2 155
8 10 134
8 14 195
8 18 187
8 28 203
9 7 75
9 10 44
9 12 217
9 17 164
9 22 253
9 25 230
9 30 230
10 9 153
10 13 87
10 17 308
10 18 305
10 20 254
10 21 232
10 26 249
10 28 92
10 30 130
11 1 181
11 16 102
11 22 151
11 26 283
11 27 209
11 28 276
12 5 267
12 8 160
12 9 116
12 10 267
12 23 282
12 26 287
13 7 212
13 12 294
13 19 125
13 20 281
13 23 178
13 28 220
13 29 81
14 2 130
14 8 111
14 16 168
14 21 137
14 25 3
14 28 59
15 6 252
15 13 83
15 17 167
15 23 59
15 26 245
15 30 90
15 31 246
16 1 76
16 4 189
16 13 113
16 15 199
16 17 303
16 29 184
17 2 295
17 10 263
17 16 94
17 19 130
17 23 293
17 26 221
17 28 113
17 29 49
17 30 214
18 8 298
18 20 253
18 23 245
18 24 53
18 26 300
18 27 257
18 28 59
19 2 235
19 4 78
19 11 193
19 13 155
19 17 77
19 18 183
19 22 42
19 24 289
20 1 83
20 3 308
20 10 131
20 21 146
20 22 83
20 30 245
21 4 211
21 5 184
21 25 184
21 30 168
22 2 32
22 3 309
22 6 87
22 11 100
22 14 39
22 19 292
22 20 211
22 21 243
22 24 83
22 29 167
22 31 53
23 6 35
23 8 26
23 15 8
23 26 218
23 27 85
23 28 173
23 31 199
24 4 157
24 5 137
24 7 132
24 11 23
24 18 168
24 26 89
24 29 99
25 1 211
25 3 10
25 4 128
25 6 119
25 8 35
25 9 168
25 11 203
25 14 250
25 21 139
26 1 91
26 3 98
26 8 82
26 10 87
26 12 175
26 16 304
26 17 84
26 21 182
26 23 102
26 24 89
26 28 212
27 1 221
27 4 285
27 6 61
27 9 280
27 11 261
27 12 251
27 14 68
27 17 140
27 18 208
27 23 226
28 6 121
28 7 71
28 8 99
28 11 21
28 12 225
28 14 61
28 16 57
28 18 35
28 23 272
28 24 296
28 29 204
28 30 103
29 2 60
29 4 249
29 5 294
29 6 154
29 11 38
29 13 242
29 16 295
29 22 191
29 23 236
29 28 70
30 17 238
30 18 102
30 25 34
30 28 3
30 31 154
31 4 197
31 15 212
31 18 206
31 22 160
