89384 28063
92778 131200
47794 36921
85387 54993
16650 137456
2363 185526
68691 16384
97764 107368
80541 178292
89173 251392
5212 193630
2568 150673
65783 18660
22863 264345
74068 101573
13930 173796
34023 20939
33070 294415
61394 111493
75012 172521
76230 71862
84422 238538
13785 296015
75199 187746
98316 157575
66414 2910
76092 164233
59957 139376
6863 99027
6997 196830
2306 13977
77085 30236
60337 222642
50847 16287
61314 221078
16125 53614
19583 93875
98815 228207
15435 185078
44044 111216
71088 25620
17277 240879
95789 191220
5404 296257
92755 107484
99933 190847
49677 187222
47740 3398
36227 92754
48095 291019
40796 279026
51435 153792
97468 260295
10098 9810
73318 268481
26653 258556
97302 158662
24287 107464
53866 126708
28445 40128
58441 143827
58032 202674
38098 299079
34482 287933
20710 296289
4568 176194
79498 170604
54587 271725
55307 259004
6220 123291
51529 26070
5733 145096
9504 128301
58271 158124
59709 279791
26341 112711
47797 199758
42619 1685
22847 291987
92922 137688
92380 192080
37765 187099
69842 190888
65194 40602
57035 287378
70125 224397
36988 169249
73744 45200
22228 245562
9860 176069
51433 248597
16438 195989
53276 74694
1475 270701
68859 187293
36030 54955
8236 269292
65819 289076
66144 24387
35929 233581
18777 117080
64444 248723
14614 150979
18607 130899
2905 44267
35129 168913
97370 66277
69918 64728
43325 186087
59471 207652
98491 290839
89773 299772
85645 51681
17506 267329
2955 165545
7670 234855
8543 282397
10198 39484
59356 24520
76349 76937
73623 24371
49300 285161
95747 234262
54341 155130
23312 8828
67606 117237
25662 172409
44879 106816
29321 176386
79445 147179
48523 198564
86709 171575
8283 112631
12925 161357
42063 4953
62601 129448
33453 107653
19380 43483
47469 88007
974 85773
3882 184905
8934 243522
58661 167039
57200 281404
48900 47992
52960 8864
72814 134126
87191 274537
52927 15009
65085 7417
22091 221207
43377 49286
55937 174983
17446 217796
69180 214894
6888 283336
3349 130089
51660 157112
2337 124215
66343 264063
78207 114117
97714 265784
75322 387
64820 42019
17722 223234
55940 35358
73941 109811
11706 243831
11128 24434
65985 94805
63921 88705
2423 262637
21397 152018
45631 139432
79293 105283
7673 71950
47626 299933
41223 238174
6641 201564
83899 239226
52299 253140
80525 39767
88210 206248
88820 194765
37733 68734
95995 17030
60380 214731
85274 76233
68851 246435
21861 42981
75580 242670
21994 118138
67622 76175
62505 89941
1962 260014
31327 249556
18945 227260
13203 123124
36785 196432
22843 287701
89529 230969
8873 46115
49959 207908
48037 212447
57754 185033
83304 129570
32134 217381
72891 293815
17568 151039
90369 118315
14501 36432
73789 247716
66250 280704
73304 97200
5364 12237
10254 289322
47687 13140
61153 12414
45976 4804
49158 298901
95437 27310
53415 241050
70461 223198
60029 85266
78051 165641
7557 108798
4795 194962
58700 165765
1040 127352
90429 199821
44501 194885
17648 6305
36160 295109
22536 276094
4340 167092
2216 113259
20505 250484
60050 286113
98286 136194
95344 171427
3178 198470
85239 203907
16950 260249
95368 116116
92293 179657
40744 150701
2830 52098
61683 53098
53542 99236
53827 270629
72262 151206
90361 7749
28024 61707
82 122391
3191 288751
18997 199735
14678 197553
30691 127671
64525 20333
49615 168913
28206 183234
26313 45063
65101 100129
2727 129559
4917 50862
25579 89203
28947 31095
2648 150778
99052 14324
99632 214213
30858 114006
41313 260825
39215 288120
93513 16381
14413 255793
9611 55463
66190 51927
6356 144888
56621 122197
98988 274932
98339 221655
87771 222148
56857 84598
607 269063
25850 193114
7206 172528
35218 144243
34946 89210
36874 221848
10874 64324
4290 214395
26608 163686
72758 143824
34472 41887
91101 130041
23619 286102
58026 4464
33075 227955
18158 128195
3494 258515
50271 3802
33418 98959
75570 264395
92623 127427
13174 217270
96432 210902
56683 235049
4293 245006
5058 153691
91522 191915
88575 227223
1948 258937
59232 233285
10538 91279
85055 7418
54099 229809
41082 180836
53517 229796
72232 140447
61797 178492
82339 172484
19219 36401
13971 234511
84813 33425
94978 191810
31537 295444
24177 26865
79208 197739
84858 288292
93500 168650
20128 262322
5237 77461
67819 274247
10564 135407
21245 287990
41806 19429
63292 173822
58956 191516
33590 37237
28994 43553
52806 73791
44823 271590
26718 216887
93094 207827
30127 81856
81487 47908
50544 98445
27815 34354
78180 132627
74763 110894
27089 30679
35711 204600
10295 109664
347 159853
71138 244566
5154 222969
22574 165913
926 42523
6711 287396
77218 134997
96964 173847
87091 260449
78131 8275
98572 268494
69634 88073
4790 108538
22605 56732
19806 246763
67869 32762
9486 236808
82196 10021
62950 219195
80968 277844
86764 182243
90597 59088
40866 181511
39037 123655
67771 128737
59212 60272
22533 43362
72380 23639
58271 190608
84173 88548
44235 246767
47284 167496
7399 245660
1064 266860
66951 276961
50574 50082
86060 56962
34048 23462
45083 189125
71233 227452
22955 126068
11899 38603
75641 283090
89160 244842
79263 289634
61042 234577
41724 1720
26273 43484
54155 126609
35822 35744
9366 102067
91172 109792
60270 118506
38702 21011
14654 203883
50908 249003
56729 159697
15798 46401
47085 120378
15335 239993
10992 171653
98899 46411
1053 123662
18190 267774
52507 247259
9017 277351
73110 12853
90001 131864
58110 143907
55082 286010
71339 101338
59427 224761
85148 69638
76788 27330
96533 185915
91282 223538
84851 288912
76591 1470
15351 206864
73814 62844
81495 196271
46082 50468
15721 50846
87983 187503
97488 258718
79297 166053
65405 32035
96893 244600
30298 285486
99135 138710
98507 86272
67058 299498
80596 255707
1963 111267
87484 270212
80155 163714
91310 137815
39933 222627
95022 243535
13564 6925
3683 207152
77686 262308
64286 187302
35991 187881
97315 249368
54117 191207
41893 235859
95529 34334
97526 191671
51137 201157
89619 243223
70338 175385
6583 126072
4311 116719
70889 131650
26816 271860
43438 220133
60009 201499
11784 211605
18658 203731
63828 186501
21270 120123
26652 132661
60911 237435
30640 223568
41889 33234
92394 126971
33891 94848
55200 153650
16932 22650
88778 258722
658 247612
80953 75696
72642 286288
89369 85510
18185 148274
96777 55485
75267 17880
88955 46363
80309 212477
97279 17416
72556 283742
50775 1349
5001 20940
60998 137176
48413 63809
98383 261610
14694 274751
42440 84041
88422 248118
94986 221586
1355 288583
78763 288298
31542 165216
61853 108798
3663 75121
50400 170424
65155 194111
99016 284472
39852 173793
24791 182152
42492 217545
70038 172533
18860 28088
60872 353
76988 49635
46591 72596
63971 122520
87666 191701
93070 242574
7362 212450
41352 273733
89301 67
91639 101667
9365 229916
81033 29696
36105 136572
73680 102849
13413 286558
34970 189189
16171 107142
62845 55870
6650 124062
4466 87651
22327 13147
60184 239772
26970 194940
20153 231980
24394 4858
37290 250076
59632 232618
84265 193861
74549 74034
1878 1804
66834 51157
94950 194522
65156 53326
78469 185058
961 275804
98824 116662
13172 73464
85678 138057
93246 116958
72762 233941
50324 103683
84101 203610
61076 163789
22043 29000
42660 17691
56290 221924
93470 145307
41552 74168
25384 213858
63134 223042
19305 155446
65982 25631
53667 166668
88968 44334
90193 157235
80903 252463
88132 162291
83175 144239
49719 100563
1184 187412
45488 51063
34574 34123
25063 72801
13934 165533
12497 291028
93142 246851
71727 275299
96981 222404
43486 283191
72306 49102
64030 168522
6899 248363
34563 4656
17720 280403
11642 112860
93011 70494
92727 124170
28790 130823
3709 136419
939 30650
52494 8441
80711 120940
85906 173492
49614 125706
63639 233591
79422 220617
7830 99882
96181 56435
9096 108601
43025 133268
49155 51673
10570 155915
79970 155400
92374 296325
98434 206605
32588 266286
20095 227985
91500 122295
7340 54078
51743 181669
12087 46318
31350 13290
50187 41795
95012 174249
74134 253585
12723 218879
6774 134789
81520 181100
95355 285042
3125 205518
16260 51418
77419 30201
81713 182538
58706 4389
42734 24007
92735 147794
74316 135363
91088 140036
670 1341
16488 174576
56838 245312
98090 260183
85206 91757
66705 293800
2558 165727
23404 115465
21893 294631
71523 196548
2444 145184
25362 260805
73379 234015
32701 163027
74883 116704
4900 170046
42590 17347
50354 296481
66949 61585
63037 266270
77108 244965
65418 77162
15922 82896
98481 251347
5995 185314
74124 101716
32934 195851
86318 199689
33932 18139
86710 122752
59157 289289
17070 99908
12996 260930
1172 192805
48570 276561
64802 22878
26653 42653
5341 255727
51744 216177
13092 273607
6528 201987
98879 55498
3051 284864
62125 151212
4214 164923
78500 61356
56795 190273
65116 84357
79343 181163
82438 244248
63199 59746
69940 2758
26514 290676
65129 74969
11805 89068
52347 231854
98139 47408
90496 12402
36422 166049
87227 35273
34159 61089
20357 185182
77646 181404
93447 173094
68112 170212
17604 143799
55826 84467
70217 179378
79175 28553
60597 205506
46268 226432
42014 255697
80520 48220
94651 229621
17833 278735
90280 245240
63954 208544
59296 138205
96108 246982
14938 76023
44977 128640
44585 194171
20084 213401
99493 211761
66497 174915
22940 206595
5736 178135
89874 298697
30165 277412
52252 64134
82752 40232
16340 142989
53166 286816
88303 262234
61080 216002
62548 121520
68485 105099
39562 104770
21932 236260
20529 183963
15495 57306
17544 136032
41124 23380
40188 85305
24644 286556
51989 103957
51321 82323
54099 199074
93019 151649
86464 149956
94696 46583
76506 259313
56143 210677
68099 93692
71473 4122
82854 181622
64798 215234
24548 220379
40517 75891
9913 162915
89878 155123
72554 236255
62933 137327
62036 153605
18108 143655
10050 127156
13862 198546
92335 265432
35326 74061
64429 103180
81764 260289
10116 139612
80382 149475
85186 114135
32101 289186
2409 134833
73350 90941
95880 152285
34317 53436
8586 64263
22766 232960
97931 234351
37893 201399
6630 87748
99753 182415
96367 277154
67396 22749
44429 241736
73848 23777
85027 21100
41063 103451
60630 227801
95101 150531
83398 122660
30776 85974
14545 248080
43321 225364
6519 297460
51795 229232
87135 249242
16909 199646
33063 177860
22687 190182
48433 94619
39808 245998
18835 73941
53597 195162
27985 243841
52325 5337
94466 96681
19717 23955
69344 257266
54188 74210
60603 299591
5361 263442
73880 38597
63942 22247
22925 85482
17136 183074
83163 49897
53871 295820
54164 102029
97812 196111
72516 160184
26235 182902
82291 139779
8694 148645
25340 156175
27495 198789
85214 226296
66383 175127
71476 25317
98739 104861
16952 109803
14812 214410
89169 264026
34814 54069
92500 248231
74536 258945
15465 298648
48347 212300
63073 272213
65741 82491
52624 207310
7058 131172
58794 67021
13282 245519
20115 127184
57372 50158
60597 185334
69884 243708
73568 98307
25801 62434
53675 94977
47434 78461
17458 10245
15950 79072
85524 275216
85293 34355
7630 289864
92336 163150
82141 18846
13044 296244
50340 82558
72026 6527
91654 157989
77053 264272
62958 18542
31288 226343
19541 271595
34827 130655
7206 66095
33879 187807
65170 218310
47228 70855
11521 234710
39222 188568
77884 266185
12268 23096
55383 78232
55512 240145
42554 126878
28609 116027
51769 154632
71199 182451
54969 117705
41010 255086
89504 69852
71255 148621
94058 212075
43824 119845
74397 76991
31943 247361
68013 40244
96856 238939
44855 147100
3135 201719
1282 230520
41974 266419
91639 207136
73414 58398
51900 8994
41485 55661
5662 226908
28781 214029
63924 270778
38001 132787
72001 265797
6953 237965
30505 197624
79760 271539
72526 279497
79118 89231
14637 114512
59561 218678
50615 128029
1938 117019
63749 137581
76621 62890
88864 471
1833 50490
78005 234303
7459 166039
26128 110444
6369 53160
34570 280907
48342 123321
85375 121465
13606 93928
64902 268203
38990 28156
22491 136703
50733 80275
700 241366
72001 185792
65458 267105
42349 136596
30018 43069
26170 172037
80570 30148
29129 8601
35019 173406
38586 118477
21281 267985
36755 1378
41708 72031
34401 179439
33022 98220
66789 30037
45191 249900
39635 204932
45326 75621
70462 188942
48143 191183
64192 42733
45521 286176
76555 79405
87143 30277
931 1471
35 33797
27309 157959
29781 255895
38645 161583
79546 220621
96523 240720
76926 30959
51736 234546
34493 34200
30297 295801
51531 107976
44050 293735
20513 236889
77590 100752
68449 194532
32429 265427
32558 175604
26577 257667
37798 160782
25140 32633
87006 234380
74783 175434
90524 42515
35237 218939
81418 80486
40354 149118
92725 100292
46351 206123
37711 139502
37243 4345
35165 179629
74642 262362
62112 16667
46411 110241
82791 186298
49956 182363
25917 39738
82782 9525
83959 14795
57807 158968
99902 213733
14675 207254
15266 74448
38567 51205
17670 190782
59135 247983
