1000
89384 89384
3 1
92778 92778
36916 36916
47794 47794
38336 38336
85387 85387
60493 60493
16650 16650
41422 41422
2363 2363
90028 90028
68691 68691
20060 20060
97764 97764
13927 13927
80541 80541
83427 83427
89173 89173
55737 55737
5212 5212
95369 95369
2568 2568
56430 56430
65783 65783
21531 21531
22863 22863
65124 65124
74068 74068
3136 3136
13930 13930
79803 79803
34023 34023
23059 23059
33070 33070
98168 98168
61394 61394
18457 18457
75012 75012
78043 78043
76230 76230
77374 77374
84422 84422
44920 44920
13785 13785
98538 98538
75199 75199
94325 94325
98316 98316
64371 64371
66414 66414
3527 3527
76092 76092
68981 68981
59957 59957
41874 41874
6863 6863
99171 99171
6997 6997
97282 97282
2306 2306
20926 20926
77085 77085
36328 36328
60337 60337
26506 26506
50847 50847
21730 21730
61314 61314
25858 25858
16125 16125
53896 53896
19583 19583
546 546
98815 98815
33368 33368
15435 15435
90365 90365
44044 44044
13751 13751
71088 71088
26809 26809
17277 17277
47179 47179
95789 95789
93585 93585
5404 5404
2652 2652
92755 92755
12400 12400
99933 99933
95061 95061
49677 49677
93369 93369
47740 47740
10013 10013
36227 36227
98587 98587
48095 48095
97540 97540
40796 40796
80571 80571
51435 51435
60379 60379
97468 97468
66602 66602
10098 10098
12903 12903
73318 73318
70493 70493
26653 26653
60757 60757
97302 97302
60281 60281
24287 24287
9442 9442
53866 53866
29690 29690
28445 28445
46620 46620
58441 58441
44730 44730
58032 58032
8118 8118
38098 38098
5772 5772
34482 34482
90676 90676
20710 20710
98928 98928
4568 4568
77857 77857
79498 79498
72354 72354
54587 54587
76966 76966
55307 55307
64684 64684
6220 6220
28625 28625
51529 51529
32872 32872
5733 5733
48830 48830
9504 9504
30020 30020
58271 58271
63369 63369
59709 59709
86716 86716
26341 26341
18150 18150
47797 47797
724 724
42619 42619
2246 2246
22847 22847
93452 93452
92922 92922
43556 43556
92380 92380
97489 97489
37765 37765
88229 88229
69842 69842
92351 92351
65194 65194
41501 41501
57035 57035
87765 87765
70125 70125
24915 24915
36988 36988
75857 75857
73744 73744
46492 46492
22228 22228
48366 48366
9860 9860
81937 81937
51433 51433
52552 52552
16438 16438
99229 99229
53276 53276
75408 75408
1475 1475
76122 76122
68859 68859
94396 94396
36030 36030
61238 61238
8236 8236
73794 73794
65819 65819
94429 94429
66144 66144
31012 31012
35929 35929
39530 39530
18777 18777
22405 22405
64444 64444
55764 55764
14614 14614
54539 54539
18607 18607
36841 36841
2905 2905
44819 44819
35129 35129
70689 70689
97370 97370
67918 67918
69918 69918
66997 66997
43325 43325
87744 87744
59471 59471
12184 12184
98491 98491
95500 95500
89773 89773
6726 6726
85645 85645
55591 55591
17506 17506
68140 68140
2955 2955
69787 69787
7670 7670
38083 38083
8543 8543
88465 88465
10198 10198
39508 39508
59356 59356
28805 28805
76349 76349
78612 78612
73623 73623
27829 27829
49300 49300
87344 87344
95747 95747
35569 35569
54341 54341
55423 55423
23312 23312
13811 13811
67606 67606
21802 21802
25662 25662
73731 73731
44879 44879
11306 11306
29321 29321
78737 78737
79445 79445
48627 48627
48523 48523
3466 3466
86709 86709
73417 73417
8283 8283
13259 13259
12925 12925
67638 67638
42063 42063
5625 5625
62601 62601
32037 32037
33453 33453
11900 11900
19380 19380
45551 45551
47469 47469
90072 90072
974 974
87132 87132
3882 3882
84931 84931
8934 8934
45895 45895
58661 58661
70164 70164
57200 57200
87982 87982
48900 48900
52997 52997
52960 52960
13774 13774
72814 72814
39669 39669
87191 87191
81096 81096
52927 52927
16467 16467
65085 65085
11341 11341
22091 22091
27685 27685
43377 43377
55543 55543
55937 55937
79108 79108
17446 17446
19757 19757
69180 69180
18419 18419
6888 6888
89413 89413
3349 3349
32173 32173
51660 51660
62010 62010
2337 2337
25211 25211
66343 66343
67588 67588
78207 78207
19302 19302
97714 97714
67373 67373
75322 75322
1256 1256
64820 64820
44600 44600
17722 17722
29905 29905
55940 55940
39812 39812
73941 73941
15668 15668
11706 11706
46229 46229
11128 11128
29151 29151
65985 65985
96659 96659
63921 63921
89225 89225
2423 2423
67270 67270
21397 21397
54082 54082
45631 45631
40085 40085
79293 79293
11973 11973
7673 7673
73851 73851
47626 47626
5386 5386
41223 41223
39300 39300
6641 6641
6043 6043
83899 83899
40714 40714
52299 52299
56191 56191
80525 80525
42591 42591
88210 88210
8582 8582
88820 88820
99337 99337
37733 37733
71156 71156
95995 95995
18005 18005
60380 60380
14770 14770
85274 85274
81777 81777
68851 68851
47256 47256
21861 21861
48143 48143
75580 75580
45885 45885
21994 21994
23206 23206
67622 67622
79568 79568
62505 62505
90614 90614
1962 1962
62755 62755
31327 31327
54260 54260
18945 18945
28203 28203
13203 13203
23507 23507
36785 36785
2022 2022
22843 22843
90869 90869
89529 89529
35190 35190
8873 8873
49909 49909
49959 49959
10499 10499
48037 48037
18809 18809
57754 57754
86249 86249
83304 83304
33334 33334
32134 32134
21649 21649
72891 72891
99755 99755
17568 17568
51747 51747
90369 90369
19530 19530
14501 14501
38047 38047
73789 73789
49798 49798
66250 66250
86991 86991
73304 73304
3034 3034
5364 5364
12498 12498
10254 10254
94893 94893
47687 47687
19126 19126
61153 61153
13997 13997
45976 45976
9189 9189
49158 49158
3730 3730
95437 95437
32461 32461
53415 53415
43922 43922
70461 70461
26305 26305
60029 60029
88028 88028
78051 78051
66749 66749
7557 7557
8903 8903
4795 4795
97698 97698
58700 58700
71044 71044
1040 1040
32003 32003
90429 90429
6404 6404
44501 44501
682 682
17648 17648
8539 8539
36160 36160
95152 95152
22536 22536
82135 82135
4340 4340
71693 71693
2216 2216
16128 16128
20505 20505
55630 55630
60050 60050
90965 90965
98286 98286
36430 36430
95344 95344
76336 76336
3178 3178
2901 2901
85239 85239
7972 7972
16950 16950
60290 60290
95368 95368
17989 17989
92293 92293
85796 85796
40744 40744
53145 53145
2830 2830
58391 58391
61683 61683
55341 55341
53542 53542
570 570
53827 53827
74233 74233
72262 72262
56043 56043
90361 90361
9118 9118
28024 28024
66762 66762
82 82
26310 26310
3191 3191
95426 95426
18997 18997
6368 6368
14678 14678
4235 4235
30691 30691
31627 31627
64525 64525
26058 26058
49615 49615
73169 73169
28206 28206
90359 90359
26313 26313
47387 47387
65101 65101
4347 4347
2727 2727
34995 34995
4917 4917
56553 56553
25579 25579
93530 93530
28947 28947
32291 32291
2648 2648
56971 56971
99052 99052
19081 19081
99632 99632
18594 18594
30858 30858
18628 18628
41313 41313
61887 61887
39215 39215
88356 88356
93513 93513
20091 20091
14413 14413
59480 59480
9611 9611
58970 58970
66190 66190
52275 52275
6356 6356
47642 47642
56621 56621
25434 25434
98988 98988
77889 77889
98339 98339
24567 24567
87771 87771
27285 27285
56857 56857
90418 90418
607 607
72261 72261
25850 25850
238 238
7206 7206
73060 73060
35218 35218
48519 48519
34946 34946
90784 90784
36874 36874
28459 28459
10874 10874
67638 67638
4290 4290
20484 20484
26608 26608
70479 70479
72758 72758
49315 49315
34472 34472
45730 45730
91101 91101
33460 33460
23619 23619
89439 89439
58026 58026
11389 11389
33075 33075
31234 31234
18158 18158
33682 33682
3494 3494
60359 60359
50271 50271
10700 10700
33418 33418
1840 1840
75570 75570
68364 68364
92623 92623
28795 28795
13174 13174
19848 19848
96432 96432
17463 17463
56683 56683
39391 39391
4293 4293
45792 45792
5058 5058
55116 55116
91522 91522
96158 96158
88575 88575
31492 31492
1948 1948
62952 62952
59232 59232
35022 35022
10538 10538
93741 93741
85055 85055
14031 14031
54099 54099
35326 35326
41082 41082
87517 87517
53517 53517
33003 33003
72232 72232
46140 46140
61797 61797
85405 85405
82339 82339
74581 74581
19219 19219
39022 39022
13971 13971
39863 39863
84813 84813
35380 35380
94978 94978
92686 92686
31537 31537
99905 99905
24177 24177
33484 33484
79208 79208
99760 99760
84858 84858
89745 89745
93500 93500
69912 69912
20128 20128
63951 63951
5237 5237
77561 77561
67819 67819
75106 75106
10564 10564
40050 40050
21245 21245
88712 88712
41806 41806
19935 19935
63292 63292
77376 77376
58956 58956
93615 93615
33590 33590
43769 43769
28994 28994
44919 44919
52806 52806
76883 76883
44823 44823
76983 76983
26718 26718
24031 24031
93094 93094
11575 11575
30127 30127
86594 86594
81487 81487
50254 50254
50544 50544
3075 3075
27815 27815
34714 34714
78180 78180
38378 38378
74763 74763
15776 15776
27089 27089
32920 32920
35711 35711
6733 6733
10295 10295
11018 11018
347 347
60236 60236
71138 71138
45692 45692
5154 5154
23944 23944
22574 22574
66329 66329
926 926
49292 49292
6711 6711
94019 94019
77218 77218
36837 36837
96964 96964
75056 75056
87091 87091
63859 63859
78131 78131
14905 14905
98572 98572
72662 72662
69634 69634
89686 89686
4790 4790
13074 13074
22605 22605
56852 56852
19806 19806
49251 49251
67869 67869
36504 36504
9486 9486
39007 39007
82196 82196
14640 14640
62950 62950
21121 21121
80968 80968
80227 80227
86764 86764
87678 87678
90597 90597
63982 63982
40866 40866
87561 87561
39037 39037
27956 27956
67771 67771
33519 33519
59212 59212
66343 66343
22533 22533
45197 45197
72380 72380
27322 27322
58271 58271
94985 94985
84173 84173
94428 94428
44235 44235
52041 52041
47284 47284
70073 70073
7399 7399
45831 45831
1064 1064
70348 70348
66951 66951
82031 82031
50574 50574
53715 53715
86060 86060
57523 57523
34048 34048
26925 26925
45083 45083
89436 89436
71233 71233
29205 29205
22955 22955
30444 30444
11899 11899
45487 45487
75641 75641
84279 84279
89160 89160
50263 50263
79263 79263
89684 89684
61042 61042
39849 39849
41724 41724
8325 8325
26273 26273
49123 49123
54155 54155
27336 27336
35822 35822
37458 37458
9366 9366
2748 2748
91172 91172
11777 11777
60270 60270
25219 25219
38702 38702
21704 21704
14654 14654
9934 9934
50908 50908
53960 53960
56729 56729
62807 62807
15798 15798
48721 48721
47085 47085
21309 21309
15335 15335
42699 42699
10992 10992
76377 76377
98899 98899
52716 52716
1053 1053
25172 25172
18190 18190
71560 71560
52507 52507
54011 54011
9017 9017
78225 78225
73110 73110
16540 16540
90001 90001
33379 33379
58110 58110
45054 45054
55082 55082
89115 89115
71339 71339
5990 5990
59427 59427
28068 28068
85148 85148
75224 75224
76788 76788
32232 32232
96533 96533
92123 92123
91282 91282
23876 23876
84851 84851
90180 90180
76591 76591
2255 2255
15351 15351
11132 11132
73814 73814
67858 67858
81495 81495
99182 99182
46082 46082
54604 54604
15721 15721
52434 52434
87983 87983
90182 90182
97488 97488
59416 59416
79297 79297
68826 68826
65405 65405
38723 38723
96893 96893
50552 50552
30298 30298
90033 90033
99135 99135
43182 43182
98507 98507
90416 90416
67058 67058
99709 99709
80596 80596
60000 60000
1963 1963
12298 12298
87484 87484
75777 75777
80155 80155
68978 68978
91310 91310
42588 42588
39933 39933
23383 23383
95022 95022
44267 44267
13564 13564
8861 8861
3683 3683
9212 9212
77686 77686
69087 69087
64286 64286
90931 90931
35991 35991
94584 94584
97315 97315
51477 51477
54117 54117
95821 95821
41893 41893
37526 37526
95529 95529
38840 38840
97526 97526
97491 97491
51137 51137
1361 1361
89619 89619
47644 47644
70338 70338
80929 80929
6583 6583
26622 26622
4311 4311
17956 17956
70889 70889
34226 34226
26816 26816
74571 74571
43438 43438
20854 20854
60009 60009
7723 7723
11784 11784
12351 12351
18658 18658
9098 9098
63828 63828
89127 89127
21270 21270
22072 22072
26652 26652
33150 33150
60911 60911
40529 40529
30640 30640
28399 28399
41889 41889
36611 36611
92394 92394
28578 28578
33891 33891
98977 98977
55200 55200
54553 54553
16932 16932
26088 26088
88778 88778
60100 60100
658 658
48567 48567
80953 80953
77018 77018
72642 72642
92736 92736
89369 89369
91299 91299
18185 18185
53196 53196
96777 96777
55806 55806
75267 75267
23429 23429
88955 88955
52529 52529
80309 80309
19594 19594
97279 97279
22198 22198
72556 72556
89673 89673
50775 50775
6446 6446
5001 5001
22326 22326
60998 60998
38284 38284
48413 48413
66128 66128
98383 98383
65422 65422
