3333
89384 89384
30887 30887
92778 92778
36916 36916
47794 47794
38336 38336
85387 85387
60493 60493
16650 16650
41422 41422
2363 2363
90028 90028
68691 68691
20060 20060
97764 97764
13927 13927
80541 80541
83427 83427
89173 89173
55737 55737
5212 5212
95369 95369
2568 2568
56430 56430
65783 65783
21531 21531
22863 22863
65124 65124
74068 74068
3136 3136
13930 13930
79803 79803
34023 34023
23059 23059
33070 33070
98168 98168
61394 61394
18457 18457
75012 75012
78043 78043
76230 76230
77374 77374
84422 84422
44920 44920
13785 13785
98538 98538
75199 75199
94325 94325
98316 98316
64371 64371
66414 66414
3527 3527
76092 76092
68981 68981
59957 59957
41874 41874
6863 6863
99171 99171
6997 6997
97282 97282
2306 2306
20926 20926
77085 77085
36328 36328
60337 60337
26506 26506
50847 50847
21730 21730
61314 61314
25858 25858
16125 16125
53896 53896
19583 19583
546 546
98815 98815
33368 33368
15435 15435
90365 90365
44044 44044
13751 13751
71088 71088
26809 26809
17277 17277
47179 47179
95789 95789
93585 93585
5404 5404
2652 2652
92755 92755
12400 12400
99933 99933
95061 95061
49677 49677
93369 93369
47740 47740
10013 10013
36227 36227
98587 98587
48095 48095
97540 97540
40796 40796
80571 80571
51435 51435
60379 60379
97468 97468
66602 66602
10098 10098
12903 12903
73318 73318
70493 70493
26653 26653
60757 60757
97302 97302
60281 60281
24287 24287
9442 9442
53866 53866
29690 29690
28445 28445
46620 46620
58441 58441
44730 44730
58032 58032
8118 8118
38098 38098
5772 5772
34482 34482
90676 90676
20710 20710
98928 98928
4568 4568
77857 77857
79498 79498
72354 72354
54587 54587
76966 76966
55307 55307
64684 64684
6220 6220
28625 28625
51529 51529
32872 32872
5733 5733
48830 48830
9504 9504
30020 30020
58271 58271
63369 63369
59709 59709
86716 86716
26341 26341
18150 18150
47797 47797
724 724
42619 42619
2246 2246
22847 22847
93452 93452
92922 92922
43556 43556
92380 92380
97489 97489
37765 37765
88229 88229
69842 69842
92351 92351
65194 65194
41501 41501
57035 57035
87765 87765
70125 70125
24915 24915
36988 36988
75857 75857
73744 73744
46492 46492
22228 22228
48366 48366
9860 9860
81937 81937
51433 51433
52552 52552
16438 16438
99229 99229
53276 53276
75408 75408
1475 1475
76122 76122
68859 68859
94396 94396
36030 36030
61238 61238
8236 8236
73794 73794
65819 65819
94429 94429
66144 66144
31012 31012
35929 35929
39530 39530
18777 18777
22405 22405
64444 64444
55764 55764
14614 14614
54539 54539
18607 18607
36841 36841
2905 2905
44819 44819
35129 35129
70689 70689
97370 97370
67918 67918
69918 69918
66997 66997
43325 43325
87744 87744
59471 59471
12184 12184
98491 98491
95500 95500
89773 89773
6726 6726
85645 85645
55591 55591
17506 17506
68140 68140
2955 2955
69787 69787
7670 7670
38083 38083
8543 8543
88465 88465
10198 10198
39508 39508
59356 59356
28805 28805
76349 76349
78612 78612
73623 73623
27829 27829
49300 49300
87344 87344
95747 95747
35569 35569
54341 54341
55423 55423
23312 23312
13811 13811
67606 67606
21802 21802
25662 25662
73731 73731
44879 44879
11306 11306
29321 29321
78737 78737
79445 79445
48627 48627
48523 48523
3466 3466
86709 86709
73417 73417
8283 8283
13259 13259
12925 12925
67638 67638
42063 42063
5625 5625
62601 62601
32037 32037
33453 33453
11900 11900
19380 19380
45551 45551
47469 47469
90072 90072
974 974
87132 87132
3882 3882
84931 84931
8934 8934
45895 45895
58661 58661
70164 70164
57200 57200
87982 87982
48900 48900
52997 52997
52960 52960
13774 13774
72814 72814
39669 39669
87191 87191
81096 81096
52927 52927
16467 16467
65085 65085
11341 11341
22091 22091
27685 27685
43377 43377
55543 55543
55937 55937
79108 79108
17446 17446
19757 19757
69180 69180
18419 18419
6888 6888
89413 89413
3349 3349
32173 32173
51660 51660
62010 62010
2337 2337
25211 25211
66343 66343
67588 67588
78207 78207
19302 19302
97714 97714
67373 67373
75322 75322
1256 1256
64820 64820
44600 44600
17722 17722
29905 29905
55940 55940
39812 39812
73941 73941
15668 15668
11706 11706
46229 46229
11128 11128
29151 29151
65985 65985
96659 96659
63921 63921
89225 89225
2423 2423
67270 67270
21397 21397
54082 54082
45631 45631
40085 40085
79293 79293
11973 11973
7673 7673
73851 73851
47626 47626
5386 5386
41223 41223
39300 39300
6641 6641
6043 6043
83899 83899
40714 40714
52299 52299
56191 56191
80525 80525
42591 42591
88210 88210
8582 8582
88820 88820
99337 99337
37733 37733
71156 71156
95995 95995
18005 18005
60380 60380
14770 14770
85274 85274
81777 81777
68851 68851
47256 47256
21861 21861
48143 48143
75580 75580
45885 45885
21994 21994
23206 23206
67622 67622
79568 79568
62505 62505
90614 90614
1962 1962
62755 62755
31327 31327
54260 54260
18945 18945
28203 28203
13203 13203
23507 23507
36785 36785
2022 2022
22843 22843
90869 90869
89529 89529
35190 35190
8873 8873
49909 49909
49959 49959
10499 10499
48037 48037
18809 18809
57754 57754
86249 86249
83304 83304
33334 33334
32134 32134
21649 21649
72891 72891
99755 99755
17568 17568
51747 51747
90369 90369
19530 19530
14501 14501
38047 38047
73789 73789
49798 49798
66250 66250
86991 86991
73304 73304
3034 3034
5364 5364
12498 12498
10254 10254
94893 94893
47687 47687
19126 19126
61153 61153
13997 13997
45976 45976
9189 9189
49158 49158
3730 3730
95437 95437
32461 32461
53415 53415
43922 43922
70461 70461
26305 26305
60029 60029
88028 88028
78051 78051
66749 66749
7557 7557
8903 8903
4795 4795
97698 97698
58700 58700
71044 71044
1040 1040
32003 32003
90429 90429
6404 6404
44501 44501
682 682
17648 17648
8539 8539
36160 36160
95152 95152
22536 22536
82135 82135
4340 4340
71693 71693
2216 2216
16128 16128
20505 20505
55630 55630
60050 60050
90965 90965
98286 98286
36430 36430
95344 95344
76336 76336
3178 3178
2901 2901
85239 85239
7972 7972
16950 16950
60290 60290
95368 95368
17989 17989
92293 92293
85796 85796
40744 40744
53145 53145
2830 2830
58391 58391
61683 61683
55341 55341
53542 53542
570 570
53827 53827
74233 74233
72262 72262
56043 56043
90361 90361
9118 9118
28024 28024
66762 66762
82 82
26310 26310
3191 3191
95426 95426
18997 18997
6368 6368
14678 14678
4235 4235
30691 30691
31627 31627
64525 64525
26058 26058
49615 49615
73169 73169
28206 28206
90359 90359
26313 26313
47387 47387
65101 65101
4347 4347
2727 2727
34995 34995
4917 4917
56553 56553
25579 25579
93530 93530
28947 28947
32291 32291
2648 2648
56971 56971
99052 99052
19081 19081
99632 99632
18594 18594
30858 30858
18628 18628
41313 41313
61887 61887
39215 39215
88356 88356
93513 93513
20091 20091
14413 14413
59480 59480
9611 9611
58970 58970
66190 66190
52275 52275
6356 6356
47642 47642
56621 56621
25434 25434
98988 98988
77889 77889
98339 98339
24567 24567
87771 87771
27285 27285
56857 56857
90418 90418
607 607
72261 72261
25850 25850
238 238
7206 7206
73060 73060
35218 35218
48519 48519
34946 34946
90784 90784
36874 36874
28459 28459
10874 10874
67638 67638
4290 4290
20484 20484
26608 26608
70479 70479
72758 72758
49315 49315
34472 34472
45730 45730
91101 91101
33460 33460
23619 23619
89439 89439
58026 58026
11389 11389
33075 33075
31234 31234
18158 18158
33682 33682
3494 3494
60359 60359
50271 50271
10700 10700
33418 33418
1840 1840
75570 75570
68364 68364
92623 92623
28795 28795
13174 13174
19848 19848
96432 96432
17463 17463
56683 56683
39391 39391
4293 4293
45792 45792
5058 5058
55116 55116
91522 91522
96158 96158
88575 88575
31492 31492
1948 1948
62952 62952
59232 59232
35022 35022
10538 10538
93741 93741
85055 85055
14031 14031
54099 54099
35326 35326
41082 41082
87517 87517
53517 53517
33003 33003
72232 72232
46140 46140
61797 61797
85405 85405
82339 82339
74581 74581
19219 19219
39022 39022
13971 13971
39863 39863
84813 84813
35380 35380
94978 94978
92686 92686
31537 31537
99905 99905
24177 24177
33484 33484
79208 79208
99760 99760
84858 84858
89745 89745
93500 93500
69912 69912
20128 20128
63951 63951
5237 5237
77561 77561
67819 67819
75106 75106
10564 10564
40050 40050
21245 21245
88712 88712
41806 41806
19935 19935
63292 63292
77376 77376
58956 58956
93615 93615
33590 33590
43769 43769
28994 28994
44919 44919
52806 52806
76883 76883
44823 44823
76983 76983
26718 26718
24031 24031
93094 93094
11575 11575
30127 30127
86594 86594
81487 81487
50254 50254
50544 50544
3075 3075
27815 27815
34714 34714
78180 78180
38378 38378
74763 74763
15776 15776
27089 27089
32920 32920
35711 35711
6733 6733
10295 10295
11018 11018
347 347
60236 60236
71138 71138
45692 45692
5154 5154
23944 23944
22574 22574
66329 66329
926 926
49292 49292
6711 6711
94019 94019
77218 77218
36837 36837
96964 96964
75056 75056
87091 87091
63859 63859
78131 78131
14905 14905
98572 98572
72662 72662
69634 69634
89686 89686
4790 4790
13074 13074
22605 22605
56852 56852
19806 19806
49251 49251
67869 67869
36504 36504
9486 9486
39007 39007
82196 82196
14640 14640
62950 62950
21121 21121
80968 80968
80227 80227
86764 86764
87678 87678
90597 90597
63982 63982
40866 40866
87561 87561
39037 39037
27956 27956
67771 67771
33519 33519
59212 59212
66343 66343
22533 22533
45197 45197
72380 72380
27322 27322
58271 58271
94985 94985
84173 84173
94428 94428
44235 44235
52041 52041
47284 47284
70073 70073
7399 7399
45831 45831
1064 1064
70348 70348
66951 66951
82031 82031
50574 50574
53715 53715
86060 86060
57523 57523
34048 34048
26925 26925
45083 45083
89436 89436
71233 71233
29205 29205
22955 22955
30444 30444
11899 11899
45487 45487
75641 75641
84279 84279
89160 89160
50263 50263
79263 79263
89684 89684
61042 61042
39849 39849
41724 41724
8325 8325
26273 26273
49123 49123
54155 54155
27336 27336
35822 35822
37458 37458
9366 9366
2748 2748
91172 91172
11777 11777
60270 60270
25219 25219
38702 38702
21704 21704
14654 14654
9934 9934
50908 50908
53960 53960
56729 56729
62807 62807
15798 15798
48721 48721
47085 47085
21309 21309
15335 15335
42699 42699
10992 10992
76377 76377
98899 98899
52716 52716
1053 1053
25172 25172
18190 18190
71560 71560
52507 52507
54011 54011
9017 9017
78225 78225
73110 73110
16540 16540
90001 90001
33379 33379
58110 58110
45054 45054
55082 55082
89115 89115
71339 71339
5990 5990
59427 59427
28068 28068
85148 85148
75224 75224
76788 76788
32232 32232
96533 96533
92123 92123
91282 91282
23876 23876
84851 84851
90180 90180
76591 76591
2255 2255
15351 15351
11132 11132
73814 73814
67858 67858
81495 81495
99182 99182
46082 46082
54604 54604
15721 15721
52434 52434
87983 87983
90182 90182
97488 97488
59416 59416
79297 79297
68826 68826
65405 65405
38723 38723
96893 96893
50552 50552
30298 30298
90033 90033
99135 99135
43182 43182
98507 98507
90416 90416
67058 67058
99709 99709
80596 80596
60000 60000
1963 1963
12298 12298
87484 87484
75777 75777
80155 80155
68978 68978
91310 91310
42588 42588
39933 39933
23383 23383
95022 95022
44267 44267
13564 13564
8861 8861
3683 3683
9212 9212
77686 77686
69087 69087
64286 64286
90931 90931
35991 35991
94584 94584
97315 97315
51477 51477
54117 54117
95821 95821
41893 41893
37526 37526
95529 95529
38840 38840
97526 97526
97491 97491
51137 51137
1361 1361
89619 89619
47644 47644
70338 70338
80929 80929
6583 6583
26622 26622
4311 4311
17956 17956
70889 70889
34226 34226
26816 26816
74571 74571
43438 43438
20854 20854
60009 60009
7723 7723
11784 11784
12351 12351
18658 18658
9098 9098
63828 63828
89127 89127
21270 21270
22072 22072
26652 26652
33150 33150
60911 60911
40529 40529
30640 30640
28399 28399
41889 41889
36611 36611
92394 92394
28578 28578
33891 33891
98977 98977
55200 55200
54553 54553
16932 16932
26088 26088
88778 88778
60100 60100
658 658
48567 48567
80953 80953
77018 77018
72642 72642
92736 92736
89369 89369
91299 91299
18185 18185
53196 53196
96777 96777
55806 55806
75267 75267
23429 23429
88955 88955
52529 52529
80309 80309
19594 19594
97279 97279
22198 22198
72556 72556
89673 89673
50775 50775
6446 6446
5001 5001
22326 22326
60998 60998
38284 38284
48413 48413
66128 66128
98383 98383
65422 65422
14694 14694
79335 79335
42440 42440
87335 87335
88422 88422
48160 48160
94986 94986
22958 22958
1355 1355
91762 91762
78763 78763
92973 92973
31542 31542
67717 67717
61853 61853
11851 11851
3663 3663
75483 75483
50400 50400
76218 76218
65155 65155
1174 1174
99016 99016
86507 86507
39852 39852
76365 76365
24791 24791
88264 88264
42492 42492
23173 23173
70038 70038
73538 73538
18860 18860
28829 28829
60872 60872
7281 7281
76988 76988
55857 55857
46591 46591
78342 78342
63971 63971
25353 25353
87666 87666
95512 95512
93070 93070
49518 49518
7362 7362
13084 13084
41352 41352
74113 74113
89301 89301
6507 6507
91639 91639
4668 4668
9365 9365
31490 31490
81033 81033
34155 34155
36105 36105
39876 39876
73680 73680
6142 6142
13413 13413
92539 92539
34970 34970
90637 90637
16171 16171
11957 11957
62845 62845
62761 62761
6650 6650
26815 26815
4466 4466
94315 94315
22327 22327
13887 13887
60184 60184
46040 46040
26970 26970
1536 1536
20153 20153
32622 32622
24394 24394
11791 11791
37290 37290
50110 50110
59632 59632
34674 34674
84265 84265
95736 95736
74549 74549
74296 74296
1878 1878
4314 4314
66834 66834
53199 53199
94950 94950
99356 99356
65156 65156
57794 57794
78469 78469
88157 88157
961 961
82934 82934
98824 98824
23287 23287
13172 13172
75359 75359
85678 85678
40141 40141
93246 93246
22182 22182
72762 72762
33991 33991
50324 50324
10051 10051
84101 84101
9955 9955
61076 61076
68365 68365
22043 22043
35625 35625
42660 42660
23920 23920
56290 56290
25845 25845
93470 93470
51239 51239
41552 41552
74977 74977
25384 25384
20020 20020
63134 63134
26344 26344
19305 19305
61957 61957
65982 65982
32476 32476
53667 53667
68012 68012
88968 88968
46913 46913
90193 90193
61730 61730
80903 80903
56869 56869
88132 88132
65003 65003
83175 83175
49208 49208
49719 49719
5217 5217
1184 1184
92378 92378
45488 45488
57473 57473
34574 34574
38958 38958
25063 25063
76126 76126
13934 13934
66798 66798
12497 12497
93419 93419
93142 93142
48154 48154
71727 71727
75475 75475
96981 96981
25394 25394
43486 43486
85949 85949
72306 72306
50031 50031
64030 64030
69560 69560
6899 6899
52161 52161
34563 34563
6425 6425
17720 17720
84281 84281
11642 11642
18903 18903
93011 93011
73481 73481
92727 92727
27584 27584
28790 28790
34141 34141
3709 3709
42724 42724
939 939
32558 32558
52494 52494
10432 10432
80711 80711
24221 24221
85906 85906
77691 77691
49614 49614
29392 29392
63639 63639
38271 38271
79422 79422
27668 27668
7830 7830
2672 2672
96181 96181
58744 58744
9096 9096
13900 13900
43025 43025
37089 37089
49155 49155
52387 52387
10570 10570
58233 58233
79970 79970
55711 55711
92374 92374
31 31
98434 98434
9664 9664
32588 32588
67280 67280
20095 20095
29650 29650
91500 91500
22352 22352
7340 7340
57465 57465
51743 51743
87331 87331
12087 12087
47516 47516
31350 31350
19916 19916
50187 50187
43882 43882
95012 95012
75635 75635
74134 74134
54388 54388
12723 12723
23288 23288
6774 6774
39644 39644
81520 81520
86743 86743
95355 95355
90245 90245
3125 3125
10140 10140
16260 16260
52064 52064
77419 77419
36354 36354
81713 81713
85270 85270
58706 58706
5405 5405
42734 42734
26800 26800
92735 92735
54820 54820
74316 74316
40436 40436
91088 91088
40854 40854
670 670
2451 2451
16488 16488
74803 74803
56838 56838
45563 45563
98090 98090
63611 63611
85206 85206
95961 95961
66705 66705
96912 96912
2558 2558
69830 69830
23404 23404
18817 18817
21893 21893
822 822
71523 71523
3606 3606
2444 2444
46580 46580
25362 25362
61529 61529
73379 73379
34448 34448
32701 32701
64046 64046
74883 74883
23788 23788
4900 4900
75552 75552
42590 42590
21387 21387
50354 50354
99427 99427
66949 66949
64795 64795
63037 63037
68507 68507
77108 77108
46093 46093
65418 65418
79665 79665
15922 15922
88821 88821
98481 98481
54167 54167
5995 5995
86355 86355
74124 74124
8438 8438
32934 32934
99485 99485
86318 86318
6313 6313
33932 33932
19018 19018
86710 86710
25166 25166
59157 59157
91609 91609
17070 17070
1746 1746
12996 12996
67423 67423
1172 1172
96296 96296
48570 48570
80560 80560
64802 64802
25677 25677
26653 26653
46572 46572
5341 5341
58926 58926
51744 51744
20173 20173
13092 13092
74090 74090
6528 6528
3567 3567
98879 98879
55813 55813
3051 3051
85197 85197
62125 62125
53334 53334
4214 4214
65187 65187
78500 78500
63371 63371
56795 56795
95569 95569
65116 65116
86142 86142
79343 79343
82640 82640
82438 82438
44264 44264
63199 63199
63591 63591
69940 69940
6203 6203
26514 26514
91632 91632
65129 65129
78258 78258
11805 11805
94572 94572
52347 52347
34684 34684
98139 98139
51226 51226
90496 90496
17541 17541
36422 36422
68973 68973
87227 87227
40635 40635
34159 34159
65726 65726
20357 20357
90953 90953
77646 77646
85473 85473
93447 93447
73340 73340
68112 68112
75884 75884
17604 17604
47662 47662
55826 55826
87543 87543
70217 70217
82340 82340
79175 79175
35345 35345
60597 60597
7331 7331
46268 46268
29295 29295
42014 42014
60758 60758
80520 80520
48861 48861
94651 94651
33293 33293
17833 17833
81877 81877
90280 90280
51991 51991
63954 63954
10636 10636
59296 59296
41599 41599
96108 96108
52742 52742
14938 14938
80571 80571
44977 44977
32541 32541
44585 44585
802 802
20084 20084
14801 14801
99493 99493
15610 15610
66497 66497
76441 76441
22940 22940
12764 12764
5736 5736
81305 81305
89874 89874
2607 2607
30165 30165
84524 84524
52252 52252
64350 64350
82752 82752
42531 42531
16340 16340
46705 46705
53166 53166
91987 91987
88303 88303
65626 65626
61080 61080
19592 19592
62548 62548
22408 22408
68485 68485
7132 7132
39562 39562
4920 4920
21932 21932
39054 39054
20529 20529
88428 88428
15495 15495
59820 59820
17544 17544
37582 37582
41124 41124
23769 23769
40188 40188
87640 87640
24644 24644
92439 92439
51989 51989
7395 7395
51321 51321
84681 84681
54099 54099
4487 4487
93019 93019
58753 58753
86464 86464
54099 54099
94696 94696
49011 49011
76506 76506
63180 63180
56143 56143
16067 16067
68099 68099
94426 94426
71473 71473
4979 4979
82854 82854
86967 86967
64798 64798
16749 16749
24548 24548
22273 22273
40517 40517
81087 81087
9913 9913
65160 65160
89878 89878
61901 61901
72554 72554
41198 41198
62933 62933
43004 43004
62036 62036
55952 55952
18108 18108
48499 48499
10050 10050
29155 29155
13862 13862
2907 2907
92335 92335
70004 70004
35326 35326
76785 76785
64429 64429
6798 6798
81764 81764
63634 63634
10116 10116
46561 46561
80382 80382
51015 51015
85186 85186
20898 20898
32101 32101
95098 95098
2409 2409
38330 38330
73350 73350
91314 91314
95880 95880
52635 52635
34317 34317
57915 57915
8586 8586
68776 68776
22766 22766
34987 34987
97931 97931
36627 36627
37893 37893
6617 6617
6630 6630
89570 89570
99753 99753
87410 87410
96367 96367
81516 81516
67396 67396
22834 22834
44429 44429
47777 47777
73848 73848
29614 29614
85027 85027
22301 22301
41063 41063
3787 3787
60630 60630
30764 30764
95101 95101
56509 56509
83398 83398
29417 29417
30776 30776
91983 91983
14545 14545
53541 53541
43321 43321
28827 28827
6519 6519
97566 97566
51795 51795
29500 29500
87135 87135
51547 51547
16909 16909
99854 99854
33063 33063
84304 84304
22687 22687
93843 93843
48433 48433
96535 96535
39808 39808
49811 49811
18835 18835
80870 80870
53597 53597
95816 95816
27985 27985
48697 48697
52325 52325
11383 11383
94466 94466
99452 99452
19717 19717
25362 25362
69344 69344
63038 63038
54188 54188
75862 75862
60603 60603
5982 5982
5361 5361
64089 64089
73880 73880
38621 38621
63942 63942
23294 23294
22925 22925
86629 86629
17136 17136
87709 87709
83163 83163
56943 56943
53871 53871
1997 1997
54164 54164
7467 7467
97812 97812
98501 98501
72516 72516
66488 66488
26235 26235
83333 83333
82291 82291
45951 45951
8694 8694
51634 51634
25340 25340
62881 62881
27495 27495
2294 2294
85214 85214
32855 32855
66383 66383
75445 75445
71476 71476
30324 30324
98739 98739
10752 10752
16952 16952
15874 15874
14812 14812
16466 16466
89169 89169
68682 68682
34814 34814
59684 59684
92500 92500
48978 48978
74536 74536
65015 65015
15465 15465
770 770
48347 48347
14108 14108
63073 63073
73392 73392
65741 65741
88412 88412
52624 52624
9588 9588
7058 7058
37837 37837
58794 58794
73440 73440
13282 13282
46621 46621
20115 20115
28372 28372
57372 57372
53419 53419
60597 60597
88535 88535
69884 69884
49765 49765
73568 73568
4698 4698
25801 25801
66068 66068
53675 53675
336 336
47434 47434
85491 85491
17458 17458
12133 12133
15950 15950
80530 80530
85524 85524
81691 81691
85293 85293
38148 38148
7630 7630
92350 92350
92336 92336
66423 66423
82141 82141
21969 21969
13044 13044
2256 2256
50340 50340
86767 86767
72026 72026
10937 10937
91654 91654
58261 58261
77053 77053
65221 65221
62958 62958
19205 19205
31288 31288
32984 32984
19541 19541
78722 78722
34827 34827
36998 36998
7206 7206
67128 67128
33879 33879
92729 92729
65170 65170
19171 19171
47228 47228
72799 72799
11521 11521
39564 39564
39222 39222
93661 93661
77884 77884
68617 68617
12268 12268
28224 28224
55383 55383
84293 84293
55512 55512
47036 47036
42554 42554
32564 32564
28609 28609
21863 21863
51769 51769
59896 59896
71199 71199
87661 87661
54969 54969
22377 22377
41010 41010
62174 62174
89504 89504
74888 74888
71255 71255
54674 54674
94058 94058
18482 18482
43824 43824
21930 21930
74397 74397
83045 83045
31943 31943
52281 52281
68013 68013
44210 44210
96856 96856
39748 39748
44855 44855
52367 52367
3135 3135
3760 3760
1282 1282
31743 31743
41974 41974
69402 69402
91639 91639
13172 13172
73414 73414
62959 62959
51900 51900
14423 14423
41485 41485
57756 57756
5662 5662
29091 29091
28781 28781
16072 16072
63924 63924
72604 72604
38001 38001
38321 38321
72001 72001
69943 69943
6953 6953
40013 40013
30505 30505
3808 3808
79760 79760
75359 75359
72526 72526
82895 82895
79118 79118
90159 90159
14637 14637
21091 21091
59561 59561
22627 22627
50615 50615
32974 32974
1938 1938
18866 18866
63749 63749
43422 43422
76621 76621
69410 69410
88864 88864
5401 5401
1833 1833
52787 52787
78005 78005
39834 39834
7459 7459
66357 66357
26128 26128
14411 14411
6369 6369
56632 56632
34570 34570
86129 86129
48342 48342
23447 23447
85375 85375
27459 27459
13606 13606
11 11
64902 64902
73166 73166
38990 38990
31868 31868
22491 22491
40927 40927
50733 50733
86239 86239
700 700
43706 43706
72001 72001
89563 89563
65458 65458
73833 73833
42349 42349
43462 43462
30018 30018
49808 49808
26170 26170
72498 72498
80570 80570
32539 32539
29129 29129
15140 15140
35019 35019
77471 77471
38586 38586
20393 20393
21281 21281
68543 68543
36755 36755
2534 2534
41708 41708
75744 75744
34401 34401
80551 80551
33022 33022
1486 1486
66789 66789
33721 33721
45191 45191
55141 55141
39635 39635
10648 10648
45326 45326
81984 81984
70462 70462
91695 91695
48143 48143
96631 96631
64192 64192
45064 45064
45521 45521
93321 93321
76555 76555
80539 80539
87143 87143
31493 31493
931 931
8423 8423
35 35
37686 37686
27309 27309
58095 58095
29781 29781
61709 61709
38645 38645
62803 62803
79546 79546
21785 21785
96523 96523
41088 41088
76926 76926
36158 36158
51736 51736
38603 38603
34493 34493
38549 38549
30297 30297
98987 98987
51531 51531
10841 10841
44050 44050
97052 97052
20513 20513
36957 36957
77590 77590
7655 7655
68449 68449
94873 94873
32429 32429
68483 68483
32558 32558
76089 76089
26577 26577
62338 62338
37798 37798
65221 65221
25140 25140
33695 33695
87006 87006
38015 38015
74783 74783
80283 80283
90524 90524
42870 42870
35237 35237
25016 25016
81418 81418
81885 81885
40354 40354
49300 49300
92725 92725
755 755
46351 46351
13237 13237
37711 37711
40293 40293
37243 37243
6159 6159
35165 35165
86024 86024
74642 74642
67722 67722
62112 62112
17570 17570
46411 46411
16261 16261
82791 82791
87903 87903
49956 49956
86148 86148
25917 25917
41090 41090
82782 82782
16440 16440
83959 83959
18018 18018
57807 57807
65376 65376
99902 99902
14512 14512
14675 14675
8979 8979
15266 15266
77378 77378
38567 38567
52977 52977
17670 17670
92162 92162
59135 59135
52834 52834
94537 94537
50128 50128
36907 36907
73000 73000
67698 67698
83317 83317
89261 89261
66840 66840
87571 87571
55568 55568
52987 52987
13487 13487
13009 13009
35768 35768
46278 46278
96967 96967
70137 70137
20436 20436
78694 78694
70038 70038
34947 34947
9720 9720
95368 95368
50213 50213
87097 87097
33935 33935
19541 19541
21118 21118
26096 26096
78675 78675
73951 73951
20632 20632
28803 28803
27209 27209
93631 93631
12852 12852
10526 10526
99243 99243
79691 79691
14448 14448
71162 71162
32677 32677
27935 27935
84170 84170
84796 84796
90564 90564
81136 81136
54932 54932
27352 27352
76181 76181
41321 41321
62298 62298
85901 85901
36689 36689
28862 28862
72997 72997
86975 86975
48402 48402
94115 94115
13070 13070
43429 43429
84417 84417
50053 50053
88583 88583
11626 11626
43683 43683
1434 1434
38503 38503
59278 59278
81124 81124
52950 52950
46791 46791
30152 30152
97236 97236
30961 30961
14947 14947
87800 87800
28448 28448
86230 86230
31503 31503
4629 4629
27550 27550
93800 93800
90529 90529
80590 80590
39014 39014
79877 79877
67564 67564
3767 3767
73991 73991
96985 96985
47195 47195
74760 74760
47037 47037
35777 35777
86385 86385
7072 7072
37210 37210
41239 41239
82701 82701
34685 34685
10540 10540
29491 29491
64836 64836
7776 7776
60451 60451
79782 79782
11927 11927
5251 5251
82363 82363
43429 43429
9879 9879
26265 26265
53580 53580
16759 16759
6854 6854
8945 8945
96635 96635
90770 90770
12712 12712
86978 86978
4106 4106
76258 76258
61737 61737
51143 51143
12035 12035
64473 64473
74566 74566
65596 65596
5711 5711
57266 57266
16633 16633
16250 16250
3108 3108
81468 81468
40377 40377
63559 63559
77602 77602
52303 52303
85161 85161
59964 59964
12083 12083
95039 95039
86228 86228
82015 82015
11797 11797
9434 9434
90959 90959
8431 8431
16555 16555
3670 3670
95408 95408
20660 20660
79928 79928
73496 73496
71802 71802
8314 8314
37968 37968
62719 62719
90261 90261
60030 60030
36336 36336
6893 6893
92632 92632
39444 39444
4713 4713
33008 33008
19354 19354
82314 82314
1663 1663
4514 4514
58629 58629
30097 30097
99552 99552
44857 44857
12111 12111
27700 27700
70642 70642
3070 3070
52482 52482
87196 87196
23091 23091
47890 47890
7855 7855
19370 19370
37737 37737
96009 96009
27683 27683
75705 75705
58727 58727
34296 34296
35734 35734
11415 11415
41188 41188
28365 28365
50858 50858
62252 62252
77725 77725
70211 70211
44565 44565
95739 95739
74724 74724
3194 3194
25835 25835
90627 90627
64402 64402
37946 37946
18326 18326
51395 51395
57367 57367
70807 70807
38590 38590
80457 80457
35048 35048
62796 62796
99827 99827
72785 72785
58804 58804
43861 43861
64841 64841
33883 33883
78156 78156
574 574
61649 61649
35696 35696
45291 45291
12506 12506
97947 97947
39367 39367
99068 99068
58864 58864
35105 35105
73791 73791
78409 78409
77291 77291
80769 80769
59162 59162
15236 15236
99094 99094
10556 10556
72602 72602
86252 86252
49145 49145
69411 69411
37652 37652
28292 28292
85589 85589
10436 10436
3448 3448
29449 29449
75276 75276
53682 53682
23957 23957
92201 92201
15330 15330
59652 59652
53843 53843
27835 27835
73950 73950
9561 9561
26902 26902
49165 49165
44665 44665
17044 17044
27573 27573
21956 21956
97812 97812
86734 86734
53543 53543
13257 13257
13641 13641
42497 42497
15860 15860
79137 79137
28259 28259
53511 53511
7429 7429
13847 13847
80298 80298
10876 10876
43295 43295
71925 71925
64557 64557
67251 67251
64126 64126
79886 79886
43254 43254
34320 34320
24072 24072
33556 33556
43881 43881
67325 67325
82720 82720
4897 4897
84368 84368
26645 26645
43204 43204
98531 98531
29730 29730
96747 96747
11787 11787
43371 43371
55595 55595
27646 27646
38859 38859
83853 83853
97509 97509
46287 46287
97699 97699
77806 77806
73514 73514
57345 57345
49731 49731
54422 54422
40948 40948
30208 30208
50659 50659
84201 84201
80879 80879
74730 74730
34108 34108
24759 24759
42054 42054
33180 33180
46008 46008
42773 42773
76176 76176
89211 89211
41303 41303
5905 5905
2309 2309
69441 69441
65627 65627
57903 57903
97087 97087
4486 4486
58107 58107
10947 10947
67124 67124
55805 55805
88752 88752
40638 40638
29502 29502
54834 54834
11411 11411
70449 70449
1393 1393
62070 62070
71001 71001
82272 82272
53151 53151
5109 5109
23382 23382
11557 11557
38288 38288
69389 69389
54329 54329
14463 14463
74952 74952
11984 11984
36719 36719
77260 77260
81424 81424
2346 2346
51515 51515
94862 94862
23183 23183
25973 25973
5808 5808
6658 6658
98130 98130
10912 10912
47295 47295
27631 27631
65745 65745
75058 75058
98079 98079
67138 67138
37127 37127
69079 69079
65761 65761
6629 6629
74187 74187
89142 89142
18185 18185
28826 28826
74883 74883
88866 88866
59640 59640
49834 49834
849 849
96359 96359
43445 43445
98624 98624
15056 15056
11311 11311
93486 93486
54590 54590
37284 37284
15645 15645
61247 61247
35413 35413
26556 26556
24894 24894
63043 63043
92301 92301
99951 99951
61121 61121
75790 75790
53429 53429
46551 46551
41550 41550
60057 60057
20738 20738
47043 47043
78242 78242
65915 65915
21925 21925
83459 83459
25555 25555
88110 88110
659 659
38265 38265
31555 31555
99282 99282
53320 53320
59217 59217
9119 9119
24261 24261
96500 96500
24764 24764
85507 85507
48264 48264
51319 51319
10400 10400
11306 11306
59971 59971
26702 26702
88778 88778
52112 52112
80130 80130
35329 35329
10013 10013
40187 40187
72418 72418
57056 57056
34780 34780
54684 54684
78980 78980
34590 34590
80238 80238
67090 67090
35248 35248
34854 34854
14996 14996
50881 50881
4525 4525
74212 74212
60000 60000
28785 28785
70712 70712
1115 1115
30644 30644
35327 35327
68785 68785
41043 41043
46633 46633
45108 45108
84097 84097
51762 51762
97219 97219
64226 64226
3442 3442
7232 7232
20764 20764
92211 92211
64287 64287
71895 71895
46895 46895
59618 59618
22836 22836
43484 43484
43059 43059
58083 58083
78338 78338
58054 58054
25316 25316
99214 99214
48618 48618
85315 85315
27999 27999
35681 35681
2781 2781
58642 58642
71007 71007
71565 71565
16036 16036
17639 17639
33024 33024
132 132
85753 85753
30243 30243
80710 80710
5546 5546
53826 53826
17825 17825
97757 97757
34464 34464
6072 6072
61003 61003
94081 94081
28907 28907
4486 4486
53492 53492
86990 86990
99175 99175
11545 11545
28657 28657
98389 98389
60162 60162
13971 13971
42739 42739
95842 95842
33103 33103
1380 1380
66849 66849
21019 21019
33767 33767
839 839
54043 54043
50251 50251
2943 2943
84285 84285
30960 30960
8489 8489
54462 54462
65136 65136
22597 22597
88925 88925
71207 71207
83599 83599
99357 99357
114 114
4436 4436
52848 52848
3455 3455
19963 19963
80745 80745
32111 32111
34703 34703
57258 57258
62433 62433
77441 77441
69452 69452
11887 11887
95172 95172
36300 36300
32905 32905
45290 45290
53490 53490
86947 86947
95540 95540
72785 72785
87583 87583
42851 42851
81273 81273
42044 42044
7987 7987
3869 3869
47320 47320
79193 79193
3819 3819
46677 46677
95658 95658
8254 8254
15876 15876
15464 15464
28216 28216
96620 96620
63926 63926
79270 79270
53878 53878
42710 42710
56710 56710
39681 39681
54596 54596
68233 68233
92332 92332
87501 87501
13523 13523
45821 45821
74447 74447
25414 25414
34957 34957
62030 62030
68265 68265
16229 16229
20425 20425
76251 76251
36449 36449
67745 67745
71795 71795
56619 56619
30773 30773
83805 83805
64873 64873
46648 46648
99268 99268
9440 9440
59620 59620
63194 63194
88710 88710
29849 29849
22255 22255
61771 61771
69529 69529
76851 76851
46356 46356
61860 61860
64351 64351
76230 76230
24032 24032
55149 55149
1643 1643
58989 58989
17178 17178
69907 69907
91569 91569
53955 53955
62509 62509
44370 44370
21699 21699
34304 34304
988 988
52471 52471
18108 18108
82212 82212
15470 15470
33727 33727
8004 8004
91441 91441
13272 13272
13065 13065
21289 21289
35527 35527
91187 91187
90817 90817
12377 12377
37542 37542
69028 69028
93079 93079
30123 30123
93060 93060
48227 48227
31766 31766
68400 68400
65405 65405
18024 18024
59968 59968
19359 19359
80533 80533
20689 20689
57409 57409
31188 31188
21677 21677
26231 26231
49295 49295
20240 20240
58052 58052
99373 99373
28243 28243
49493 49493
12645 12645
41307 41307
70781 70781
64523 64523
32494 32494
77950 77950
76899 76899
86387 86387
63329 63329
69977 69977
16510 16510
56388 56388
18203 18203
64627 64627
41139 41139
99959 99959
82650 82650
17459 17459
35669 35669
63182 63182
38147 38147
9429 9429
10721 10721
76175 76175
35659 35659
60015 60015
96415 96415
10063 10063
75740 75740
24657 24657
59555 59555
4736 4736
82316 82316
30335 30335
69258 69258
31161 31161
24636 24636
62508 62508
17547 17547
87965 87965
32484 32484
34056 34056
60704 60704
67038 67038
15034 15034
1843 1843
83349 83349
97684 97684
19301 19301
35369 35369
77217 77217
57447 57447
61150 61150
87938 87938
33622 33622
13160 13160
64304 64304
46388 46388
23222 23222
40043 40043
71044 71044
82776 82776
44778 44778
69711 69711
29463 29463
30387 30387
871 871
54098 54098
92894 92894
18418 18418
42062 42062
41729 41729
68825 68825
19118 19118
8767 8767
83859 83859
20960 20960
8467 8467
97894 97894
40260 40260
60187 60187
75110 75110
14058 14058
21336 21336
63047 63047
64031 64031
34496 34496
43703 43703
10418 10418
57717 57717
97 97
97814 97814
40493 40493
44875 44875
67524 67524
86307 86307
75261 75261
68395 68395
40404 40404
84507 84507
3164 3164
98818 98818
26235 26235
88340 88340
17935 17935
51353 51353
88550 88550
38894 38894
59819 59819
86443 86443
95505 95505
20006 20006
77905 77905
25914 25914
57693 57693
57303 57303
89945 89945
92188 92188
1005 1005
362 362
66257 66257
1102 1102
14527 14527
6749 6749
62328 62328
82051 82051
93055 93055
53940 53940
66797 66797
49810 49810
38446 38446
86312 86312
48627 48627
64681 64681
91003 91003
82913 82913
16033 16033
79553 79553
38158 38158
92204 92204
82347 82347
33662 33662
28561 28561
60251 60251
75928 75928
86253 86253
17554 17554
65872 65872
78441 78441
18558 18558
82585 82585
61049 61049
36011 36011
97112 97112
84149 84149
98338 98338
95514 95514
93555 93555
52278 52278
78662 78662
43364 43364
7075 7075
81325 81325
8343 8343
71755 71755
72327 72327
91255 91255
4140 4140
51879 51879
45765 45765
96343 96343
34226 34226
95778 95778
24903 24903
10828 10828
71705 71705
11155 11155
28381 28381
37576 37576
5947 5947
63291 63291
20161 20161
66995 66995
99301 99301
33624 33624
51143 51143
13991 13991
45489 45489
44697 44697
82620 82620
24150 24150
4413 4413
89694 89694
21826 21826
12755 12755
61449 61449
94152 94152
20361 20361
65588 65588
62383 62383
66125 66125
61930 61930
12960 12960
61903 61903
3184 3184
23787 23787
33607 33607
14338 14338
52168 52168
87535 87535
36637 36637
31810 31810
24047 24047
3631 3631
31110 31110
57670 57670
71126 71126
61452 61452
3158 3158
32174 32174
44071 44071
43659 43659
36586 36586
33765 33765
65484 65484
49340 49340
11565 11565
75987 75987
86053 86053
93504 93504
38369 38369
52177 52177
55433 55433
51328 51328
30431 30431
74968 74968
91467 91467
64038 64038
89305 89305
43634 43634
51572 51572
42293 42293
91795 91795
75618 75618
62276 62276
39256 39256
49639 49639
33401 33401
708 708
69148 69148
65574 65574
44778 44778
29158 29158
2160 2160
94894 94894
10993 10993
67851 67851
6458 6458
86979 86979
53903 53903
99961 99961
25348 25348
22432 22432
71745 71745
93027 93027
52862 52862
46712 46712
84493 84493
16899 16899
52369 52369
44478 44478
84822 84822
94661 94661
36272 36272
76791 76791
73288 73288
91880 91880
42781 42781
6688 6688
92587 92587
28280 28280
88614 88614
37364 37364
57437 57437
7125 7125
48610 48610
68429 68429
74975 74975
55067 55067
71760 71760
45230 45230
55028 55028
13459 13459
67661 67661
26772 26772
6485 6485
36874 36874
89836 89836
7330 7330
70125 70125
42204 42204
68159 68159
54946 54946
53216 53216
20783 20783
48089 48089
26504 26504
12662 12662
90869 90869
49543 49543
5248 5248
35501 35501
38156 38156
58963 58963
92937 92937
61632 61632
7572 7572
77718 77718
52959 52959
62639 62639
49477 49477
98188 98188
34018 34018
62935 62935
82200 82200
77141 77141
85771 85771
19073 19073
83328 83328
9452 9452
89197 89197
41883 41883
77611 77611
60495 60495
95099 95099
98393 98393
8583 8583
37954 37954
11054 11054
15803 15803
3848 3848
32653 32653
67655 67655
58356 58356
91615 91615
60592 60592
19987 19987
15539 15539
54661 54661
72945 72945
94529 94529
20489 20489
87484 87484
28546 28546
83423 83423
86035 86035
22038 22038
85545 85545
5108 5108
5366 5366
94997 94997
10656 10656
47248 47248
72607 72607
71150 71150
58698 58698
87351 87351
96084 96084
13003 13003
98404 98404
28239 28239
16851 16851
31056 31056
95893 95893
75206 75206
39022 39022
72836 72836
95192 95192
70912 70912
27496 27496
84489 84489
65440 65440
47984 47984
88324 88324
10337 10337
47758 47758
74359 74359
48727 48727
33303 33303
79466 79466
54092 54092
44651 44651
90121 90121
17691 17691
33609 33609
77623 77623
76389 76389
20959 20959
90058 90058
89391 89391
19362 19362
18296 18296
6241 6241
66769 66769
30541 30541
97798 97798
22142 22142
3376 3376
9342 9342
93054 93054
47224 47224
93830 93830
74845 74845
11559 11559
82153 82153
1534 1534
59317 59317
56511 56511
50260 50260
8971 8971
52328 52328
4351 4351
69973 69973
58801 58801
22041 22041
3581 3581
52775 52775
14781 14781
24539 24539
42832 42832
4172 4172
43900 43900
77480 77480
26764 26764
27020 27020
8020 8020
24562 24562
65513 65513
27747 27747
50255 50255
74918 74918
74970 74970
44084 44084
49763 49763
86529 86529
42588 42588
51296 51296
62197 62197
15451 15451
1555 1555
71167 71167
84130 84130
22257 22257
41139 41139
42930 42930
44297 44297
44719 44719
12056 12056
75430 75430
85609 85609
54888 54888
79601 79601
29508 29508
48719 48719
22716 22716
72879 72879
56738 56738
63629 63629
38391 38391
836 836
13883 13883
13309 13309
75806 75806
74318 74318
79423 79423
78686 78686
33258 33258
47070 47070
40882 40882
48708 48708
48624 48624
28400 28400
32837 32837
70880 70880
85890 85890
92119 92119
31528 31528
30608 30608
4174 4174
6957 6957
16216 16216
75413 75413
2909 2909
62075 62075
24131 24131
41977 41977
51305 51305
97220 97220
21957 21957
6047 6047
98056 98056
35840 35840
35707 35707
90213 90213
26509 26509
15129 15129
68898 68898
59766 59766
62198 62198
26131 26131
8473 8473
27173 27173
54530 54530
57662 57662
14404 14404
40419 40419
66132 66132
62284 62284
87378 87378
86657 86657
85592 85592
19945 19945
62070 62070
4853 4853
98371 98371
2552 2552
46829 46829
66027 66027
16124 16124
68785 68785
72073 72073
30531 30531
20976 20976
7780 7780
37095 37095
47485 47485
39260 39260
5992 5992
7250 7250
17810 17810
48474 48474
32075 32075
44982 44982
3003 3003
89736 89736
75738 75738
59773 59773
55867 55867
38021 38021
63502 63502
58875 58875
23612 23612
83446 83446
20944 20944
44816 44816
98168 98168
39848 39848
91644 91644
64194 64194
72323 72323
76781 76781
52618 52618
19205 19205
14108 14108
60397 60397
56299 56299
61592 61592
16009 16009
62290 62290
85194 85194
33818 33818
10763 10763
17268 17268
95151 95151
30117 30117
23355 23355
70888 70888
6241 6241
95573 95573
25260 25260
69742 69742
54447 54447
65224 65224
69539 69539
91743 91743
10039 10039
67706 67706
31590 31590
1683 1683
48251 48251
20264 20264
94815 94815
868 868
39468 39468
8922 8922
77617 77617
95766 95766
86866 86866
93625 93625
74407 74407
72059 72059
27442 27442
1521 1521
89326 89326
22592 22592
47989 47989
12680 12680
9832 9832
54229 54229
8252 8252
35091 35091
23970 23970
62698 62698
314 314
9860 9860
70792 70792
10353 10353
93917 93917
18733 18733
28387 28387
42167 42167
38996 38996
23201 23201
59386 59386
94815 94815
48474 48474
37002 37002
90580 90580
35339 35339
46978 46978
81338 81338
7397 7397
74419 74419
82858 82858
13074 13074
13363 13363
30846 30846
42105 42105
23194 23194
1426 1426
66708 66708
74636 74636
41747 41747
29406 29406
74950 74950
51606 51606
16549 16549
1654 1654
61874 61874
35282 35282
30040 30040
4040 4040
74277 74277
69592 69592
79778 79778
69092 69092
18065 18065
33131 33131
76023 76023
69756 69756
80109 80109
