10012883109
10012863373
10012824607
10012772863
10012863415
10013074931
10012821549
10012858843
10012839053
10012889349
10012858585
10012865335
10012908869
10012864661
10012672125
10012829273
10012858159
10012751035
10012877771
10013004245
10012746409
10012986061
10012843839
10012866269
10012877601
10012913795
10012867957
10012839455
10012904427
10012852833
10012852203
10012878583
10012865799
10012757403
10012719067
10012846697
10012860749
10012890721
10012863881
10012864491
10012822173
10012890245
10012860667
10012923525
10012888667
10012874595
10012810203
10012860697
10012835179
10012937431
10012873293
10012973571
10012864469
10012891395
10012829741
10012782747
10012864183
10012920453
10012718905
10012826551
10012891957
10012868509
10013002069
10012878905
10012861487
10012868973
10012867843
10012863011
10012688873
10012867821
10012867375
10012816021
10012837045
10012871633
10012711291
10012901219
10012894727
10012939243
10012921197
10012899009
10012863991
10012954011
10012731807
10012883259
10012863127
10012712021
10012721871
10012866813
10012862591
10012779603
10012849563
10012774691
10012886519
10012865651
10012847673
10012947093
10012879753
10012938965
10012859071
10012889289
10012866901
10012879321
10012875757
10012925271
10012981421
10012813411
10012890961
10012867025
10012841343
10012860097
10012881409
10012850231
10012781705
10012915347
10013037181
10012867039
10012789123
10012961495
10012856999
10012862151
10012972621
10012866225
10012806961
10012992609
10013048427
10012872935
10012840551
10012805679
10012892217
10012716473
10012869231
10012864113
10012850769
10012861755
10012811505
10012879113
10012906919
10012850665
10012851311
10012750017
10012851847
10012886669
10013018349
10012955595
10012818351
10012814717
10012861187
10012821369
10012939483
10012866381
10012869853
10012856999
10012854239
10012828745
10012882857
10012862299
10012800155
10012852035
10012886557
10012854325
10012795515
10012809027
10012964433
10012856243
10012869325
10012864381
10012848451
10012981073
10012842639
10012927563
10012828089
10012839715
10012767365
10012984889
10012997617
10012798583
10013038939
10012888893
10012861205
10012705039
10012884771
10012876757
10012760257
10012753905
10012900435
10012864959
10012813227
10012985455
10012859795
10012919735
10012831905
10012849889
10012856113
10012717111
10012762333
10012928097
10012861833
10012859981
10012857449
10012803901
10012913839
10012850831
10012820049
10012767947
10012912745
10012701427
10012884803
10012948451
10012912167
10012863691
10012856521
10012855659
10012933235
10012982423
10012894231
10012874145
10012849077
10012744009
10012969003
10012818809
10012846239
10012727839
10012846671
10012984043
10012902317
10012786935
10012862191
10013074921
10012862409
10012988027
10012876267
10012923255
10012748555
10012871807
10012852891
10012924087
10012802747
10012877331
10012759813
10012847399
10012780603
10012830253
10012880347
10012883637
10012854663
10012838679
10012950651
10012888883
10012862529
10012805685
10012823391
10013021585
10012907433
10012761665
10012880581
10012880781
10012690291
10012855153
10012922047
10012859837
10012864461
10012837529
10012875763
10012879237
10012870839
10012727589
10012780639
10012861879
10012847281
10012744955
10012839269
10012967559
10012872695
10012893493
10012864897
10012748799
10013018433
10012579381
10012852119
10012856433
10012921169
10012818595
10012765503
10012894621
10012999281
10012832167
10012786159
10012890557
10013012959
10012867237
10012877493
10012873795
10012887753
10012849253
10012877697
10012866763
10012866619
10012889533
10012831703
10012888127
10012897909
10012862531
10012860701
10012896157
10012853999
10012918239
10012874125
10012852085
10012823515
10012846217
10012862303
10012881197
10012880655
10012779063
10012864515
10012832053
10012771017
10012872987
10012915327
10012846637
10012866625
10012871031
10012870705
10012867591
10012907245
10012860057
10012873251
10012874317
10012858547
10012830259
10012967311
10012834003
10012856073
10012863651
10012853001
10012896871
10012835093
10012802635
10012866027
10012869641
10012835559
10012867023
10012820527
10012864421
10012725665
10012864897
10012912023
10012847785
10012997581
10012807623
10012866449
10012861373
10012839929
10012862167
10012869421
10012771777
10012901255
10012939229
10012974011
10012790627
10012865237
10012870673
10012858555
10012673165
10012791491
10012926703
10012896047
10012849241
10012869283
10012856311
10012816555
10012918099
10012870117
10012857869
10013008279
10012865269
10012896475
10012894879
10012868711
10012843907
10012905735
10012881505
10012864591
10012795665
10012867403
10012836831
10012909173
10012877873
10012899349
10012723861
10012926943
10012817145
10012797617
10012877847
10012680655
10012811813
10012888627
10012870567
10012886901
10012686965
10012852201
10012851097
10012865719
10012865125
10012870751
10012882563
10012854151
10012888247
10012812765
10012906507
10012802147
10012901961
10012705161
10012949467
10012867723
10012901543
10012930871
10012848171
10012864069
10012878067
10012852357
10012913561
10012848273
10012863431
10012850409
10012923959
10013070309
10012935895
10012755961
10012953979
10012879129
10012901185
10012815915
10012794777
10012939675
10012809313
10012865193
10013039737
10012867029
10012759595
10012963065
10012826383
10012856697
10012899231
10012870477
10012929845
10012856201
10012846999
10012862295
10012737297
10012863359
10012884817
10012824979
10012867297
10012965795
10012832081
10012971119
10012824067
10012853111
10012931103
10012799323
10012840097
10012860149
10012839083
10012842407
10012900897
10012863173
10012886279
10012865991
10012860827
10012859401
10012902291
10012823029
10012886695
10012709215
10012887637
10012834081
10012865273
10012925647
10012863377
10012870975
10012852763
10012860505
10012817091
10012948809
10012869765
10012916159
10012982055
10012820889
10012889623
10012870709
10013048379
10012836061
10012884043
10012868375
10012894761
10012759359
10012854265
10012859493
10012890071
10012856195
10012812233
10012863835
10012820145
10012866913
10012843543
10012846289
10012905657
10012780645
10012836151
10012833099
10012859333
10012836421
10012729263
10012931937
10012952629
10012917313
10012981507
10012949205
10012693603
10013133425
10012847213
10012891357
10012908419
10012829013
10012880591
10012813991
10012885369
10012861757
10012872667
10012977763
10012856469
10012791921
10012876793
10012863727
10012865735
10012844807
10012872217
10013026351
10012861649
10012866805
10012926865
10012867089
10012969183
10012709063
10012937527
10012868155
10012968671
10012846619
10012851781
10012872467
10012869045
10012847537
10012800597
10013027511
10012877951
10012875951
10012894535
10012852871
10012916859
10012707665
10012834829
10012876899
10012863301
10012809601
10012936703
10012878153
10012845629
10012916025
10013046089
10012839417
10012863753
10012890529
10013001479
10012919431
10012782741
10012791699
10012740049
10012839387
10012865235
10012873277
10012869019
10012864417
10012874877
10012869097
10012845989
10012851107
10012864381
10012813725
10012925203
10012919103
10012922201
10012962543
10012805657
10012863569
10012877539
10012877113
10012856767
10012884695
10012855033
10012855263
10012848787
10012885749
10012709907
10012842587
10012956687
10012936623
10012937745
10012864167
10012938159
10012845185
10012862597
10012861941
10012824047
10012797937
10012865253
10012861081
10012875261
10012880239
10012654451
10012938365
10012758261
10012863409
10012805421
10012958245
10012879759
10012867949
10012871059
10012859537
10012739171
10012810129
10012831909
10012911859
10012863957
10012913371
10012857585
10012655415
10012910869
10013054307
10012874689
10012917083
10012677747
10012853311
10012919913
10012844813
10012864089
10012754537
10012865725
10012924717
10012878545
10012908353
10012898287
10012918207
10012881937
10012864853
10012850975
10012879925
10012987909
10012880909
10012891111
10012826035
10012860769
10012823697
10012900753
10012877811
10012882085
10012863231
10012864945
10012879341
10012821729
10012879539
10012950425
10012834977
10012891581
10012857905
10012846531
10012780877
10012868751
10012857033
10012905291
10012916499
10012836507
10012785979
10012906179
10012998959
10012864179
10012892189
10012834101
10012865737
10012960059
10012846747
10012792647
10012770079
10012861363
10012850995
10012869199
10012951885
10012855363
10012806087
10012802113
10012735685
10012865561
10012827831
10012860457
10012930363
10013097791
10012818249
10012862825
10012871955
10012876627
10012901871
10012978543
10012831719
10012856875
10012930787
10012907001
10012914471
10012885267
10012886753
10012863643
10012781735
10012910721
10013011433
10012850155
10012869229
10012907585
10012839129
10012868869
10012857303
10012874449
10013019879
10012865953
10012917275
10012878441
10012859329
10012896905
10012650203
10012864585
10012840027
10012866173
10012838707
10012871911
10012884793
10012848629
10012883951
10012735393
10012922639
10012846795
10012882305
10012879017
10012876741
10012833769
10012846601
10012594293
10013009951
10012862629
10012881633
10012763347
10012784191
10012871879
10012846437
10012863051
10012885765
10012854635
10012859213
10012869189
10012848775
10012857913
10012783767
10012996693
10012832785
10012864985
10012887229
10012768737
10012820141
10012865839
10012923981
10012849581
10012867821
10012885207
10012746239
10012928547
10012861705
10012878137
10012991717
10012893723
10012771369
10012824109
10012865239
10012866103
10012889805
10012859349
10012852063
10012863195
10012841357
10012863103
10012868565
10012859575
10012995487
10012842727
10012873673
10012939103
10012971761
10012870527
10012863111
10012945827
10012851135
10012721781
10012909219
10012893449
10012690739
10012802155
10012800739
10012870799
10012823697
10012889549
10012857997
10012746215
10012863153
10012863809
10012847549
10012879339
10012858433
10012846041
10012915059
10012801355
10012701787
10012894975
10012859311
10012863803
10012793801
10012860785
10012857451
10012859353
10012818771
10012864885
10012944587
10012871469
10012813403
10012819675
10012918501
10012841517
10012866317
10012830395
10012872031
10012897857
10012859411
10012915565
10012904797
10012879751
10012865809
10012895429
10012883605
10012864863
10012902975
10013064685
10012881667
10012803141
10012870197
10012910315
10012770921
10012919169
10012862663
10012861241
10012862999
10012859839
10012909449
10012868987
10012705805
10012786445
10012845649
10012868159
10012864785
10012912061
10012838427
10012861287
10012814797
10012830415
10012907991
10012891901
10012917821
10012819069
10012863119
10012846109
10012862165
10012859173
10012865235
10012823345
10012760907
10012875819
10012856419
10012986595
10012806419
10012817601
10012906851
10012879675
10012825647
10012844573
10012919431
10012864741
10012871059
10012875255
10013046887
10012877255
10012785553
10012866459
10012883953
10012901983
10012950655
10012877573
10012934575
10012788407
10012872527
10012883859
10012800249
10012819841
10012999183
10012864499
10012994567
10012863951
10012826553
10012788855
10012855929
10012861889
10012854375
10012859553
10012872165
10012868565
10012863367
10012825591
10012844135
10012856017
10012845091
10012957313
10012844867
10012877165
10012869755
10012769869
10012862613
10012872473
10012817773
10012903503
10012868421
10012817087
10012863313
10012880505
10012747719
10012985025
10012887795
10012824795
10013000191
10013083675
10012938853
10012849157
10012798909
10012850685
10013068235
10012860041
10012828851
10012855009
10012858979
10012873321
10012930669
10012879711
10012861091
10012872655
10012857897
10012868405
10012979603
10012903681
10012859675
10012854493
10012866189
10012802761
10012781989
10012898497
10012898939
10012891771
10012864181
10012825593
10012878197
10012786823
10012921873
10012952715
10012847983
10012822925
10012818425
10012857951
10012864643
10012845103
10012851731
10012883617
10012885435
10012976873
10012889465
10012785177
10012855883
10012774693
10012865733
10012869877
10012890935
10012882707
10012827355
10012735603
10012930767
10012872733
10012874653
10012833881
10012762189
10012834117
10012832771
10012826853
10012680159
10012875343
10012784909
10012965027
10012965575
10012998195
10012879555
10012889157
10012976647
10012951651
10012802691
10012862469
10012882033
10012863055
10012862611
10012868443
10012864463
10012845413
10013031419
10012862095
10012859109
10012861961
10012850217
10012885203
10012857927
10012854935
10012864473
10012857595
10012862567
10012870165
10012863727
10012803717
10012961817
10012941885
10012773521
10012826769
10012946409
10012643063
10012879579
10012851735
10012866185
10012837825
10012829507
10012827007
10012943609
10012861895
10012833869
10012758685
10012826311
10012884497
10012850399
10012872829
10012828887
10012862399
10012873545
10013050427
10012964795
10012844137
10012895921
10012979713
10012833513
10012675423
10012863577
10012954575
10012861437
10012863791
10012864387
10012735641
10012851765
10012862825
10012886477
10012839815
10012823411
10012868891
10012861055
10012853805
10012846149
10012897553
10012897285
10012877875
10012866025
10012874657
10012872059
10012811077
10012846325
10012942793
10012865637
10012827799
10012844997
10012879555
10013089251
10012763315
10012840567
10012904551
10012897207
10012894957
10012856501
10012846633
10012746349
10012876455
10012866111
10012918107
10012864023
10013020321
10012873537
10012845717
10012807285
10012863815
10012889743
10012864159
10012798805
10012862909
10012890721
10012850553
10012827557
10013029711
10012865343
10012839347
10012867487
10012847965
10012951407
10012870277
10012852837
10012875751
10012865033
10012776329
10012939843
10012913905
10012781311
10012864427
10012769573
10012886073
10013045429
10012888833
10012889685
10012874947
10012756077
10012915469
10012977365
10012846887
10012864671
10012874391
10012921123
10012865683
10012870935
10012801905
10012871227
10012905317
10012965371
10012864793
10012838255
10012935867
10012946555
10012851205
10012869101
10012864755
10012793615
10012895891
10012701601
10012826515
10012825451
10012749897
10012862121
10012820749
10012778885
10012855211
10012859271
10012887595
10012846933
10012855379
10012867969
10012839431
10012835661
10012911097
10012869009
10012864121
10012900091
10012952083
10012853763
10012862589
10012862935
10012864637
10012792167
10012863837
10012867305
10012781125
10012911911
10012702631
10012880689
10012768431
10012864517
10012867887
10012907357
10012846323
10012838709
10012871605
10012710509
10012884041
10012942179
10012919223
10012876563
10012860683
10012867119
10012855441
10012893427
10012814617
10012686873
10012906725
10012881445
10012861657
10012901009
10012867527
10012848735
10012855475
10012679647
10012850119
10012986619
10012886063
10012854847
10012868093
10012772451
10012858335
10012894211
10012903233
10012906041
10012894839
10012865017
10012802529
10012778899
10012868141
10012810639
10012804449
10012910539
10012863117
10012901381
10012804361
10012803813
10013009683
10012939875
10012904735
10012889289
10012848889
10012817227
10013021807
10012618567
10012892319
10012826383
10012862479
10012943431
10012865391
10012912811
10012618249
10012867701
10012878423
10012854959
10012884259
10012800729
10012883663
10012896485
10012807491
10012857245
10012870237
10012824813
10012872037
10012754939
10012938711
10012854467
10012855179
10012823321
10012915927
10012810387
10012956131
10012903607
10012883315
10012652947
10012875327
10012864825
10012860791
10012903867
10012941003
10012816435
10012829325
10013037641
10012880145
10012856419
10012769789
10012864297
10012859549
10012813085
10013041087
10012842005
10012839415
10012877601
10012860783
10012921329
10012884219
10012828289
10012689211
10012977685
10012810343
10012854509
10012792125
10012868843
10012850049
10012928835
10012890867
10012892969
10012868387
10012869259
10012854913
10012776795
10012902401
10012853569
10012728795
10013034753
10012852133
10012976919
10012739761
10012940317
10012855671
10012762699
10012894921
10013052653
10012858457
10012760313
10012843405
10012869425
10012990555
10012947485
10012911013
10012838227
10012864549
10012920353
10012747925
10012731181
10012955281
10012872185
10012850581
10012852547
10012998745
10012876969
10012860581
10012858287
10012861871
10012868157
10012860339
10012863161
10012820551
10012861589
10012914689
10012935017
10012845225
10012892973
10012865949
10012863189
10012860365
10012890959
10012848191
10012826851
10012863211
10012928039
10012804169
10012848135
10012749013
10012728555
10012857221
10012900959
10012868747
10012848821
10012820505
10012865825
10012874081
10012918205
10012860289
10012869825
10012865179
10012871459
10012811567
10012870573
10012865665
10012882999
10012863697
10012851995
10012867711
10012831707
10012858665
10012851263
10012967403
10012862849
10012874933
10012852265
10013095999
10012860433
10012901891
10012814785
10012846771
10012860723
10012838851
10012869489
10012882041
10012754099
10012885257
10012845831
10012963769
10012870285
10012841329
10012879461
10012888209
10012875337
10012813709
10012911567
10012888681
10012839217
10012867161
10012894943
10012856817
10012865661
10012852299
10012808385
10012883173
10012999641
10012848807
10012917623
10012829621
10012862397
10012881085
10012766127
10012860545
10012875111
10012876127
10012869123
10012860041
10012910343
10012862195
10012869611
10012891423
10012869899
10013045127
10012657927
10012863881
10012929787
10012874347
10012863657
10012871533
10012867313
10012944277
10012795005
10012853845
10012992265
10012746299
10012743107
10012872203
10012991023
10012973979
10012819757
10012860041
10012863023
10012866629
10012885835
10012864351
10012968767
10012872797
10012875781
10012907691
10012874493
10012998023
10012853441
10012852931
10012613693
10012887189
10012880591
10012983907
10012862063
10012913957
10012810783
10012893683
10012833427
10013005247
10012705777
10012964519
10012836693
10013018259
10013021359
10012939933
10012858429
10012606167
10012766507
10012838591
10012896109
10012860849
10012864295
10012868745
10012871039
10012757947
10012868457
10012867429
10012851695
10012922861
10012923663
10012826867
10012802923
10012887941
10012903027
10012764661
10012876561
10012861567
10012889833
10012839435
10012820833
10012928243
10012915571
10012921067
10012947853
10012894313
10012853197
10012859999
10012732835
10012868773
10012819881
10012872807
10012908585
10012913577
10012889297
10012853417
10012936957
10012928795
10012801847
10012856795
10012844171
10012781893
10012861789
10012875127
10012859975
10012816173
10012859067
10012861469
10012841811
10012814953
10012864655
10012869997
10012869667
10012905057
10012865615
10012857181
10012862931
10012876183
10012888857
10012799891
10012816303
10012864953
10012848429
10012871439
10012864961
10013103849
10012983281
10012879487
10012864259
10012847359
10012820645
10012903795
10012904375
10012972093
10013001497
10012920721
10012872595
10012877983
10012728197
10012877369
10012824323
10012971093
10013102101
10012886161
10012864271
10013040849
10012698255
10012901455
10012914937
10012862117
10012860193
10012846343
10012880381
10012856867
10012868153
10012861497
10012840637
10012828659
10012854797
10012972323
10012751063
10012795145
10012876895
10012846377
10012786223
10012810799
10012911751
10012924263
10012873137
10012816599
10012865805
10012926173
10012787045
10012871407
10012864837
10012859879
10012873873
10012757013
10012934993
10012815327
10013173851
10012864075
10012852961
10012911521
10012658181
10013037123
10012889589
10012826109
10012854811
10012784495
10012868237
10012867887
10012834087
10012920385
10012718089
10012886087
10012905359
10012874611
10012884109
10012867445
10012713753
10012910685
10012784591
10013003489
10012853159
10012909485
10012798681
10012887095
10012834527
10012864423
10012937115
10012865257
10012848933
10012915473
10012879535
10012860643
10012883989
10012868817
10012873771
10012887537
10012855705
10012858333
10012943003
10012850227
10012862259
10012814841
10012911221
10012846455
10012749663
10012911063
10012864137
10012868893
10012899057
10012844999
10012817997
10012856859
10012818235
10012753757
10012813227
10012892005
10012820129
10012860283
10012816631
10012940417
10012871697
10012815451
10012880981
10012834773
10012853785
10012813715
10012963507
10012870533
10012862817
10012837549
10012832527
10012737726
10012855769
10012742093
10012775673
10012860517
10012982671
10012821011
10012627843
10012812259
10012873697
10012834267
10012886255
10012846105
10012880797
10012839883
10012868849
10012877047
10012923343
10012886719
10012872405
10012896959
10012841611
10012864597
10012886841
10012855881
10012844903
10012858639
10012856017
10012886269
10012847545
10012806245
10012933037
10012727703
10012860495
10012961731
10012928453
10012861815
10012859081
10012878899
10012916699
10012889793
10012870731
10012827429
10012873805
10012874197
10013039149
10012907655
10012897979
10012874551
10012864639
10012857681
10012727041
10012804627
10012865609
10012888235
10012877151
10012873249
10012913115
10013010443
10012894963
10012701599
10012858989
10012759713
10012924015
10013047789
10012707069
10012796935
10012810245
10012833975
10012818399
10012921069
10012868391
10012868645
10012829487
10012866907
10012956497
10012869873
10012819057
10012866843
10012773411
10012909589
10012865695
10012873125
10013020325
10013004375
10012862329
10012866017
10012846633
10012902511
10012852171
10012887869
10012920647
10012916119
10012833635
10012919735
10012864595
10012535839
10012886539
10012844933
10012831467
10012900823
10013024963
10012963879
10012853307
10012862619
10012749895
10012890681
10012966781
10012872493
10012874923
10012851491
10012863201
10012842715
10012919243
10012874071
10012929265
10012876039
10012865745
10012872891
10012865841
10012888593
10012872529
10012840697
10012866539
10012862591
10012876621
10012863183
10012966205
10012940559
10012916109
10012912611
10012814215
10013118851
10012967319
10012869475
10012873631
10012870983
10012833431
10012864313
10012925485
10012829467
10012863317
10012925335
10012744757
10012919917
10012809287
10012846985
10012814175
10012887517
10012861955
10012831111
10012896435
10012864113
10012856189
10012969461
10012835747
10012914275
10013038499
10012826315
10012711443
10012862857
10012859789
10012818897
10012866725
10012775999
10012857605
10012845365
10012868569
10012735523
10012864573
10012956097
10012899337
10012785681
10012885771
10012962807
10012724993
10013021331
10012843651
10013108493
10012860869
10012858153
10012775963
10012848687
10012764973
10012876121
10012870267
10012797297
10012821939
10012784621
10012877651
10012864087
10012914005
10012965791
10012862745
10013166809
10012850293
10012879925
10012912895
10012829187
10012671587
10012758579
10012864277
10012805699
10012865167
10012882209
10012904829
10012862889
10012889939
10012864123
10012746455
10012881591
10012878579
10012859565
10012774005
10012860853
10012854617
10012808453
10012904009
10012836023
10012909843
10012864595
10012801155
10012835437
10012864259
10012826521
10012929273
10012806587
10012880911
10012851863
10012884359
10012839273
10012857787
10012926541
10012990097
10012914525
10012861171
10012866587
10012865541
10012968901
10012874991
10012778341
10012914313
10012865821
10012864499
10012845543
10012857095
10012762285
10012964009
10012800447
10012840599
10012782245
10012854169
10012860975
10012824777
10012866219
10012872283
10012888573
10012866923
10012817219
10012896955
10012881463
10012852325
10012842725
10012863997
10012913733
10012858413
10012640859
10012883305
10012859835
10012865097
10012783981
10012870839
10012880159
10012880503
10012834045
10012861019
10012992559
10012877295
10012861275
10012931569
10012761355
10012843623
10012864727
10012855955
10012967673
10012885839
10012838781
10012874091
10012869063
10012745111
10012946753
10012860483
10012863685
10012876397
10012850561
10012925655
10012862261
10012830209
10012899433
10012905151
10012855721
10012932469
10012920037
10012954813
10012760421
10012866709
10012845217
10012826479
10012828229
10012887765
10012868439
10012827927
10012934947
10012830685
10012947735
10012858523
10012945197
10012880091
10012942293
10012989049
10012964883
10012865211
10012935055
10012845539
10012882745
10012862669
10012989147
10012917713
10012894329
10012838987
10012860877
10012830057
10012864503
10012834943
10012863697
10012838725
10012874101
10012646121
10012932047
10013010073
10012916331
10012879899
10012766173
10012870205
10012913227
10012784479
10012911793
10012869373
10012871493
10012855499
10012871549
10012863363
10012857473
10012699149
10012876841
10012840149
10012877021
10012858441
10012715091
10012873131
10012857263
10012836697
10012822793
10012797447
10012874203
10012864641
10012820295
10012876143
10012870891
10012884883
10012860141
10012910339
10012786285
10012885845
10012911839
10012837361
10012802763
10012861715
10012816521
10012846377
10012790893
10012818469
10012872697
10012835047
10012808925
10012895469
10012863801
10012915471
10012873251
10012933349
10012967247
10012869261
10012866571
10012817619
10012895875
10012882293
10012859293
10013084703
10012877635
10012812983
10012848953
10012602151
10012857855
10012882723
10012801601
10012835977
10012800989
10012973027
10012860809
10012908417
10012882329
10012826515
10012933309
10012860739
10012873101
10012827713
10012833621
10012792347
10012872999
10012833399
10012945869
10012869847
10012883939
10012888837
10012854167
10012737759
10012872079
10012934255
10012841123
10012988445
10012896999
10012797655
10012874079
10012885675
10012857833
10012860549
10012847233
10012876151
10012858577
10012859915
10012855023
10012865695
10012862679
10012868585
10013040643
10012891993
10012873403
10012740977
10012868879
10012866693
10013142867
10012856499
10012843411
10012896819
10012863943
10012850427
10012901387
10012906373
10012867881
10012857683
10012967547
10012805541
10012866535
10012786987
10012835129
10012867177
10012887869
10013063385
10012851527
10012922309
10012856017
10012936153
10012897479
10012818761
10012781951
10012690437
10012881867
10012848341
10012825393
10012798857
10012650801
10012856439
10012779157
10012861999
10012889743
10012863177
10012863939
10012821167
10013026191
10012892391
10012831965
10013020671
10012863483
10012876465
10012878105
10012894131
10012892485
10012841397
10012813295
10012909069
10012886353
10012880393
10012912335
10012703755
10012863777
10012865105
10012787383
10012855039
10012906099
10012879905
10012994627
10013015043
10012907151
10012861479
10012955993
10012934601
10012988675
10012905909
10012883941
10012932193
10012823297
10012749847
10012877393
10012844217
10012899357
10012859489
10012878177
10012869567
10012884835
10012867793
10012864313
10012866603
10012867563
10012827777
10012849411
10012876615
10012862375
10012859801
10012820101
10012856855
10012914377
10012809403
10012841777
10012961957
10012754185
10012928119
10012917453
10012890051
10013022969
10012839379
10012753331
10013000739
10012864359
10013003113
10012878593
10012914619
10012865403
10012846575
10012902767
10012872087
10013014405
10012849807
10012866195
10012895625
10012816413
10012910637
10012764459
10012818317
10012998741
10012863365
10012938819
10012884395
10012840731
10012911877
10012968417
10012806467
10012889973
10012900395
10012968057
10012763251
10012862413
10012876259
10012956209
10012866721
10012776721
10012900009
10012866199
10012999269
10012837765
10012815951
10012824533
10012904631
10012869417
10012866331
10012862195
10012870549
10012808125
10012892767
10012902027
10012959525
10012741005
10012727967
10012914533
10013059837
10012868045
10012864595
10012904579
10012780779
10012965433
10012877525
10012921437
10012919769
10012843343
10012692127
10012837997
10012926165
10012846495
10012866759
10012711517
10012774283
10012864669
10012831351
10012855569
10012940243
10012890033
10012953013
10012687029
10012692869
10012853711
10012845923
10012849363
10012926167
10012959635
10012849541
10012861035
10012865869
10012919559
10012606195
10012872715
10012911045
10012830175
10012915017
10012878667
10012858813
10012760355
10012770901
10012862525
10012830777
10012840787
10012948055
10012891749
10012894131
10012823271
10012820993
10012865913
10012883765
10012816893
10012717063
10012864007
10012852343
10012778607
10012825811
10012818585
10012873617
10012868033
10012827685
10012862677
10012832617
10012855733
10012695969
10012866229
10012858953
10012892625
10012856347
10012720493
10012935353
10012854437
10012909255
10012887963
10012908761
10012812357
10012866963
10012919685
10012870025
10012846991
10012878727
10012860921
10012842277
10012842389
10012892205
10012847109
10012872351
10012857315
10012849627
10012863263
10012726047
10012829437
10012846691
10012873429
10012862695
10012693341
10012887773
10012830027
10012831913
10012872205
10012933663
10012905339
10013024653
10012837875
10012874469
10012846209
10012885741
10012888839
10012857773
10012893515
10012861623
10012796423
10013002939
10012759797
10012851381
10012844383
10012918559
10012851367
10012891467
10012888097
10012877193
10012812383
10012819587
10012864443
10012886499
10012862881
10012851577
10012864719
10012899833
10012850313
10012862997
10012989691
10012883259
10012859665
10012919263
10012865947
10012796539
10012800693
10012747177
10012870251
10012847767
10012949703
10012867441
10012807705
10012865413
10012850045
10012862905
10012736617
10012878849
10012797667
10012901317
10012852913
10012868019
10012861303
10012863477
10012847471
10013016893
10013036083
10012937879
10012884235
10012850021
10012920555
10012850005
10012879443
10012806731
10012852265
10012869047
10012863243
10012860861
10012918975
10012889213
10012915371
10012963367
10012896875
10012908031
10012920295
10012886843
10012833951
10013031019
10012864165
10012769641
10012849071
10012857163
10012847567
10012864331
10012842163
10012860553
10012849317
10012863079
10012828163
10012871925
10012889443
10012847779
10012865549
10012869397
10012862009
10012680203
10012712887
10012884083
10012759123
10012756939
10012943763
10012760985
10012857417
10012867247
10012834413
10012926183
10012656697
10012883151
10012862867
10012864633
10012842455
10012875645
10012733689
10012890843
10012886771
10012922183
10012861567
10013005213
10012917723
10013057531
10012830667
10012856217
10012940045
10012814743
10012900321
10012959735
10012809477
10012862595
10012870729
10012816845
10012761529
10012743585
10012922655
10012802457
10013071203
10012941315
10012884991
10012866977
10012748843
10012777913
10012864943
10012884587
10012849349
10012848453
10012869431
10012960797
10012811559
10012865147
10012826043
10012905477
10012834607
10012839127
10012883753
10012876337
10012799411
10012825087
10012873559
10012851369
10012844119
10012814573
10012850589
10012865651
10012863711
10012890523
10012736133
10012862025
10012868337
10012870153
10012864307
10012910741
10012811713
10012833409
10012788157
10013033093
10013019015
10012797127
10012858797
10012827547
10012876637
10012860079
10012837393
10012840199
10012881047
10012936019
10012899825
10012945323
10012864511
10012862609
10012840303
10013029177
10012823719
10013014353
10012856865
10012909011
10012706011
10012988327
10012869239
10012863551
10012843821
10012878083
10012776333
10012864117
10012864461
10012654579
10012865461
10012860881
10012828363
10013075493
10012906021
10012611619
10012754689
10012918231
10012704255
10012815181
10012861479
10012902993
10012874571
10012830617
10012768571
10012856789
10012877217
10012919995
10012852069
10013030905
10012811613
10012886399
10012896357
10012773405
10012868815
10012889757
10012873083
10012727151
10012789869
10012858299
10012867627
10012863247
10012745641
10012931043
10012696455
10012866169
10012940929
10012790653
10012868483
10012866059
10012889233
10012868637
10012957755
10012870461
10012911549
10012885971
10012866913
10012949775
10012822901
10012856427
10012860909
10012645719
10012833305
10012867801
10012913029
10012859875
10012861777
10012881043
10012862591
10012776215
10012763719
10012871089
10012869527
10012822971
10012861183
10012859587
10012819201
10012865367
10012866231
10012864783
10012880667
10012883707
10012886209
10012864047
10012932413
10012862907
10012890297
10012891997
10012886989
10012862555
10012862207
10012865755
10012848179
10012872827
10012871189
10012891507
10012830415
10012785689
10012855271
10012750821
10012830627
10012862949
10012877105
10012850291
10012858435
10012818437
10012904315
10012863331
10012869665
10012862725
10012884429
10012921859
10012864997
10012923805
10012868489
10012871711
10012872849
10012888663
10012945791
10013049733
10012874963
10012890901
10012881393
10012906507
10012853127
10012854947
10012786917
10012845557
10012913589
10012868207
10012862675
10012964827
10012841821
10012721549
10012791557
10012794779
10012692215
10012869399
10012822421
10012945349
10012867785
10012978563
10012904557
10012864567
10012963663
10012860613
10012866095
10012857943
10012828091
10013010101
10012725585
10012668653
10012860605
10012969865
10012862823
10012864139
10012817183
10012990073
10012862997
10012859497
10012858307
10012863813
10012819671
10012929453
10012941205
10012967295
10012852857
10012866471
10012734737
10012849471
10012769997
10012854085
10013029569
10012958667
10012858499
10012928775
10012723631
10012870337
10012825065
10012809137
10012865285
10012895567
10012951511
10012877427
10012828975
10012855385
10012852515
10012879317
10013016347
10012904239
10012918267
10012863851
10012910555
10012931667
10012943933
10012880065
10012906537
10012867521
10012889375
10012947771
10012834783
10013023797
10012738295
10012875081
10012855283
10012864355
10012942469
10012866619
10012795223
10012817275
10012877749
10012883289
10012763297
10012914135
10012956565
10012920315
10012983571
10012866419
10012805329
10012884831
10012922867
10012855049
10012899415
10012944041
10012849807
10013009481
10012864197
10012853693
10012851939
10012797733
10012814769
10012732045
10013028675
10012753285
10012827479
10012714077
10012867989
10012799985
10012873661
10012690349
10013015295
10012859069
10012961195
10012796577
10012980355
10012873359
10012859641
10012887507
10012838741
10012744715
10012853305
10012844193
10012855969
10012858339
10012779401
10012864887
10012865509
10012872065
10012851113
10012776019
10012931095
10012837509
10012754505
10012843119
10012755249
10012839261
10012871763
10012854555
10012970047
10012890431
10012805739
10012855363
10012869463
10012963655
10012832525
10012864157
10012736177
10012910175
10012926013
10012865181
10012847645
10012896397
10012852753
10012872633
10012861227
10012937913
10012859321
10012836339
10012973667
10012864831
10012802701
10012867755
10012850151
10012845785
10012700419
10012857025
10012815221
10013060615
10012815839
10012671755
10012859817
10012852615
10012797751
10012811951
10013084123
10012886423
10012922263
10012873955
10012861147
10012955949
10012876951
10012864581
10012912459
10012929131
10012843119
10012775119
10012862829
10012893897
10012712949
10012869907
10012947269
10012914083
10012753257
10012857551
10012863545
10012896487
10012751897
10012853583
10013037641
10012818021
10012780115
10012954769
10012796917
10012794441
10012863811
10012867657
10013012265
10012754449
10012838693
10012863271
10012805229
10012827551
10012846483
10012871225
10012964783
10012766055
10012701017
10012885647
10012916459
10012770013
10012764153
10012883183
10012911881
10012863297
10012859817
10012867079
10012960411
10012824163
10012852191
10012878367
10013030247
10012682279
10012918875
10012841155
10012966443
10012949839
10012876797
10012894573
10012865013
10012988713
10012861817
10012842865
10012768431
10012857887
10012811723
10012897285
10012917309
10012972279
10013076455
10012846153
10012725563
10012920103
10012820889
10012750317
10012953235
10012856891
10012803787
10012860563
10012871939
10012825227
10012836365
10012846879
10012915075
10012837437
10012974267
10012974599
10012805703
10012736885
10013043281
10012862409
10012915635
10012687997
10012893223
10012827947
10012897875
10012901747
10012850837
10012534843
10012844977
10012903983
10012867861
10012926231
10012736089
10012743117
10013053953
10012878553
10012884081
10012860085
10012870435
10012861143
10013110107
10012780169
10012842453
10012937437
10012870591
10012935401
10013019795
10012933823
10012742921
10012886099
10012967687
10012839529
10012821797
10012805971
10012860837
10012877155
10012877333
10012857931
10012858479
10012881423
10012834177
10013022693
10012874545
10012848125
10012861129
10012823083
10012877463
10012894739
10012852317
10012840895
10012830079
10012852853
10012877361
10012843961
10012867697
10012875469
10012888893
10012878755
10012860957
10012890713
10012930683
10012806673
10012849229
10012898741
10012768203
10012861767
10012891619
10012840427
10012867761
10012549075
10012897985
10012873425
10012925857
10012859975
10012856987
10012681785
10012961431
10012904965
10012886927
10012992401
10012935569
10012871029
10012622591
10012862909
10012632735
10012862397
10012911589
10012859821
10012833245
10012664677
10012729963
10012873945
10012855709
10012856569
10012868407
10012908587
10012815455
10012865975
10012732707
10012868847
10012863771
10012887271
10012876213
10012716109
10012807687
10012897417
10012873569
10012902965
10012864047
10012906239
10012894211
10012850653
10012851663
10012515873
10012846203
10012877987
10012852375
10012875357
10012993161
10012731219
10012863617
10012905399
10012847759
10012883533
10012855781
10012878491
10012897565
10012860333
10012860385
10012942233
10012905155
10012840941
10012783721
10012977073
10012982271
10012862573
10012866733
10012936107
10012943327
10012866433
10012872073
10012825689
10012867955
10012758181
10012862497
10012871045
10012828871
10012858771
10012861171
10012860857
10012865041
10012836713
10012852913
10012948527
10012866101
10012764229
10012968855
10012856621
10012919759
10012841803
10012952991
10012743141
10012872655
10012822055
10012838191
10012863037
10012783633
10012859367
10012857361
10012843061
10012743475
10012850235
10012827399
10012886965
10012893529
10012868039
10012863195
10012873397
10012745555
10012838973
10012891439
10012722253
10012884681
10012887525
10012802253
10012886567
10012910325
10012913165
10012809467
10012769877
10013080971
10012852207
10012734109
10012869809
10012862785
10012948893
10012758533
10013120859
10012899795
10012865167
10012846155
10012942621
10012838849
10012947027
10012870561
10012851679
10012870649
10012875111
10012897111
10012863991
10012887567
10012854123
10012824911
10012829141
10012907189
10012867749
10012886769
10012864569
10012806041
10012824551
10012868289
10012867201
10012886223
10012877347
10012786827
10012695491
10012780271
10012864461
10012888675
10012858973
10012853429
10012851145
10012872533
10012864065
10012723443
10012860919
10012885469
10012807547
10012870351
10012909083
10012769481
10012859369
10012871423
10012889235
10012756661
10012908645
10012735715
10012857129
10012855097
10012981169
10012838565
10012878305
10012834323
10012871681
10012806233
10012846763
10012862139
10012903601
10012834571
10012858573
10012803677
10012885853
10012874613
10012850999
10012788625
10012884343
10012953497
10012923181
10012877601
10012787221
10012845105
10012854909
10012845173
10012838015
10012754453
10012862415
10013084973
10012842033
10012863427
10012803351
10012811599
10012957093
10012879573
10012862717
10012876347
10012867243
10012897885
10012910407
10012888957
10012871405
10012858995
10012892527
10012863347
10012930275
10012865767
10012894139
10012898627
10012833197
10012890611
10012845819
10012875511
10012853125
10012875645
10012957963
10012841191
10012862247
10012863709
10012802585
10012984935
10012901285
10012868835
10012869195
10012820531
10012769195
10012799295
10012889781
10012712125
10012895505
10012899527
10012731427
10012948731
10012887759
10012915881
10012863859
10012879579
10012856993
10012927529
10012754229
10012887007
10012863313
10012717777
10012845769
10012875963
10012806545
10012929463
10012928855
10012848941
10012909997
10012791649
10012923645
10012862791
10012914413
10012748853
10012883891
10012835615
10012874029
10012939621
10012863159
10012852331
10012976453
10012864763
10012881769
10012843089
10012851797
10013001739
10013046047
10012861937
10012735353
10012891253
10012874703
10012835235
10012861933
10012867345
10012895043
10012845183
10012981273
10012860599
10012867229
10012746359
10012865205
10012858099
10012893677
10012922703
10012885585
10012933463
10012863031
10012719835
10012927183
10012810599
10012940149
10012931095
10012808017
10012978279
10012868981
10012865325
10012933649
10012866351
10012945587
10012894641
10012892529
10012799931
10012903835
10012862633
10012981873
10012864217
10012882769
10012846431
10012865247
10012834921
10012899201
10012901615
10012847675
10012864585
10012830301
10012865905
10012790821
10012656635
10012887507
10012866201
10013011821
10012891547
10013031263
10012814203
10012954721
10012902839
10012831743
10012852899
10012862585
10012894671
10012850977
10012925057
10012881439
10012885297
10012878369
10012889951
10012923511
10012876841
10012716673
10012779395
10012867461
10012883675
10012898217
10012855545
10012823327
10012858603
10012900737
10012868211
10012770343
10012868461
10012904811
10012861481
10012862405
10012932997
10012801165
10012814863
10012871395
10012856511
10012850071
10012715855
10012842047
10012877211
10012864547
10012860079
10012937347
10012895535
10012868821
10012956767
10012862111
10012830561
10012869037
10012807453
10012892383
10012875597
10012865379
10012857529
10012844629
10012882279
10012765819
10012767247
10012862873
10012919677
10012906745
10012867079
10012871041
10012888695
10012842093
10012798867
10012821877
10012872057
10012880149
10012903691
10012867017
10012860009
10012859913
10012865941
10012838611
10012850487
10012912689
10012645401
10012861653
10012862737
10012858011
10012862183
10012864227
10012962003
10012878983
10012854399
10012858441
10012849663
10012806779
10013006065
10012909911
10012882851
10012939655
10012817219
10012875165
10012879297
10012864673
10012795547
10012864299
10012880593
10012860415
10012900207
10012866367
10012843629
10012865385
10012740495
10012734577
10012943453
10012882583
10012763117
10012817011
10012872711
10012871799
10012783907
10012781333
10012837701
10012860795
10012837137
10012852021
10012869441
10012865801
10012873229
10013029215
10013066461
10012806517
10012883639
10012877743
10012831485
10012914691
10012926157
10012728277
10012868167
10012856935
10012791865
10013000353
10012825319
10012939685
10012890799
10012892405
10013009643
10012849693
10012807857
10012857201
10012853579
10012834939
10012962955
10012885329
10012805791
10012866459
10012841059
10012864563
10012905313
10012867913
10012807303
10012883857
10012892569
10012835809
10013049153
10012982103
10012895859
10012888187
10012813287
10012877035
10012883403
10012684865
10012868455
10012950487
10012840731
10012884151
10012773621
10012881183
10012859369
10013036751
10013133601
10012843525
10012823825
10012884989
10012759723
10012819289
10012821647
10013013095
10012969407
10012863803
10013028439
10012866869
10012813779
10012865795
10012845665
10012861415
10012888303
10012934153
10012826867
10012851177
10012831575
10012883961
10012734653
10012860839
10012885147
10013013027
10012850471
10012883179
10012914521
10012914355
10012870321
10012999507
10012899107
10012869335
10012849315
10012764131
10012850247
10012842423
10012754155
10012801727
10012631775
10012865997
10012892583
10012951417
10012925389
10012793333
10013019181
10012970637
10012816373
10012875853
10012924279
10012855015
10012912407
10012850317
10012863411
10012905191
10012799555
10012865335
10012991321
10012873319
10012801229
10012721867
10012906235
10012817769
10012861883
10012886625
10012870787
10012871539
10012882545
10012841553
10012765685
10012875105
10012864455
10012851997
10012880435
10012815289
10012834877
10012714913
10012866299
10012870997
10012799737
10012826711
10012825859
10012870035
10012730671
10012840921
10012955401
10012865879
10012925877
10012885799
10012753603
10012902633
10012825599
10012962773
10012854799
10012810365
10012917845
10012888763
10012847177
10012833469
10012853679
10012863565
10012750765
10012899781
10012865785
10012864505
10012925609
10012865719
10012786653
10012866273
10012797667
10013069033
10012922445
10012860503
10012862161
10012769309
10012939797
10012855295
10012890545
10012866339
10012793103
10012797431
10012743105
10012811855
10012862987
10012748165
10012949531
10012921455
10012814777
10012767325
10012862647
10012710765
10012792375
10012615057
10012903549
10012891345
10012816273
10012859969
10012853859
10012854607
10012861799
10012972013
10012882809
10012824949
10012735801
10012920959
10012732425
10012822427
10012820951
10012889405
10012862651
10012870845
10012927831
10012864747
10012908727
10012864401
10012894137
10012857547
10012810915
10012960917
10012845347
10012849311
10012931391
10012865199
10012821397
10012827409
10012840685
10012866853
10012783733
10012864197
10012866909
10012901001
10012869765
10012853977
10012752463
10013047071
10012782971
10012809549
10012854541
10012820943
10012974967
10012812395
10012786519
10012882207
10012685339
10012596251
10012874625
10012871969
10012927941
10012876053
10012834415
10012746013
10012863799
10012935689
10012866785
10012876469
10012868757
10012868037
10012879753
10012862001
10012836135
10012767013
10012843239
10012877555
10012870403
10012758627
10012870065
10012865117
10012790837
10012856229
10012876693
10012818743
10012821037
10012874025
10012861533
10012769823
10012877653
10012878613
10012878695
10012801191
10012745537
10012788297
10012839343
10012824703
10012841357
10012931431
10012903467
10012877625
10012879061
10012893155
10012865741
10012854993
10012860483
10012864667
10012836861
10012841535
10012840051
10012871671
10012869753
10012864507
10012895761
10012880717
10012937081
10012855039
10012859827
10012819979
10012877485
10012810339
10012866061
10012886327
10012933039
10012862203
10012864223
10012860627
10012939893
10012929919
10012747691
10012856109
10012866855
10012789121
10012871873
10012869143
10012854275
10012811623
10012854645
10013083987
10012903741
10012890991
10012882079
10012794707
10012835621
10012880335
10012865271
10012903669
10012846539
10012897697
10012871091
10012815211
10012907393
10012783073
10012863499
10012840201
10012854433
10012866833
10012867747
10012914131
10012724579
10013016913
10012983467
10012870643
10012794851
10012787937
10012871791
10012880007
10012933385
10012896401
10012865137
10012804853
10013051007
10012895723
10012977313
10012894593
10012863687
10012918803
10012861823
10012898441
10012843655
10012896995
10012944697
10012781157
10012766061
10012952191
10012899153
10012875225
10012861311
10012753445
10012843289
10012859095
10012872319
10012892571
10012855007
10012790901
10012793993
10012863877
10013019117
10012866373
10012850383
10012843873
10012854633
10012873411
10012894769
10012931443
10012882575
10012890891
10013113613
10012882149
10012877351
10012853803
10012879605
10012826065
10012864875
10012865931
10012846249
10012889527
10012840015
10012787215
10012802533
10012817529
10012848835
10012895509
10012924021
10012815445
10012960155
10012991167
10012777867
10012849763
10012932755
10012870697
10012860891
10012820693
10012968253
10012828967
10012870307
10013048225
10012861765
10012840565
10012771743
10012814235
10012811525
10012868311
10012834371
10012825153
10012855905
10012843541
10012882823
10012820849
10012834027
10012986821
10012950939
10012894047
10012873545
10012866443
10012736161
10012898687
10012917923
10012966549
10012864063
10012806949
10012867821
10012728155
10012863609
10012798845
10012881341
10013000535
10012841099
10012953239
10012861447
10012884385
10012835169
10012860179
10012858633
10012845773
10012887453
10012972775
10012894865
10012969373
10012860083
10012935639
10012746873
10012880487
10013027157
10012814161
10012821721
10012850811
10012831737
10012802705
10012767637
10012875291
10013144271
10012937727
10012869061
10012851297
10012921311
10012892409
10012917891
10012853033
10012943531
10012915229
10012843043
10012865941
10012781653
10012940159
10012904867
10012866237
10012865005
10012865057
10012934811
10012830083
10012880505
10012880849
10012888751
10012894829
10012878297
10012942375
10012909311
10012904717
10012849935
10012996583
10012839753
10012853717
10012860237
10012864883
10012868267
10012895027
10012851739
10012699693
10012866655
10012852685
10012823365
10012821057
10012942435
10012891341
10012885309
10012840101
10012856611
10012888731
10012810081
10013034795
10012850453
10012857829
10012837881
10012976057
10012863489
10012979299
10012812651
10012850991
10012864089
10013061761
10012870845
10012870567
10012762239
10012895805
10012900665
10012891023
10012857633
10012743155
10012822073
10012647351
10012872725
10012987605
10012922463
10012844097
10012866481
10012933969
10012874959
10012909003
10012848095
10012936529
10013038571
10012859723
10012992789
10012787803
10012766281
10012884985
10012848801
10012880395
10012871223
10012877355
10012908935
10012882589
10012882509
10012997443
10012905721
10012828807
10012947717
10012838513
10013048359
10012829329
10012891773
10012864043
10012827917
10012902217
10012836565
10012845559
10012901007
10012857949
10012917309
10013010647
10012857027
10012941827
10012770375
10012969473
10012807405
10012868713
10012853021
10012777153
10012860479
10012715013
10012957023
10012893823
10012866935
10012879133
10012976953
10012856209
10012862329
10012858375
10012795407
10012947345
10013020527
10012812163
10012912723
10012802051
10012861113
10012868445
10012890579
10013043347
10012881501
10012827801
10012876695
10012746167
10012854935
10012865443
10012862145
10012805941
10013012129
10012866261
10012867563
10012981509
10012891899
10012867551
10012872301
10012898383
10012759929
10012818563
10012894131
10012889055
10012829419
10012886971
10012837661
10012911671
10012920971
10012871497
10012860517
10013046563
10012853111
10012961523
10012855575
10012895385
10012932605
10012875109
10012871281
10012780533
10012861495
10012878245
10012862839
10012754241
10012835713
10012898523
10012859353
10012829761
10012865071
10012977439
10012877881
10012879415
10012872511
10012698645
10012885497
10012859123
10012862015
10012752271
10012835935
10012831361
10012865407
10012843407
10012868233
10012782143
10012845523
10012866893
10012847467
10012884267
10012853031
10012894509
10013016741
10012842011
10012833907
10012870169
10012871257
10012870409
10012864545
10012919715
10012861029
10012810135
10012821877
10012894577
10012863269
10012870273
10012870379
10012889257
10012861329
10012862605
10012749599
10012858261
10012918055
10013036371
10012853549
10012864245
10012658379
10012827149
10012860943
10012891661
10012942923
10012879887
10012976311
10012859339
10012894973
10012844915
10012925269
10012980283
10013002941
10012892813
10012852449
10012857065
10012864635
10012869439
10012880435
10013025607
10012848931
10012769439
10012897055
10012872721
10012930537
10012923051
10012871455
10012764079
10012869175
10012865437
10012875825
10012882905
10012867419
10012883581
10012896239
10012857425
10012878723
10012862783
10012855433
10012820413
10012964581
10012864143
10012881085
10012884807
10012841091
10012792807
10012907047
10012957891
10012850095
10012859161
10012951527
10012861263
10012811019
10012864337
10012659139
10012963955
10012968473
10012729379
10012867897
10012841097
10012872475
10012853209
10012964405
10012907103
10012892193
10012856335
10012939525
10012810595
10012839773
10012864689
10012857551
10012872229
10012852093
10012833145
10012836597
10012859643
10012803023
10012849937
10012874257
10012935323
10012873039
10012881029
10012871627
10012896739
10012917285
10012860005
10012793187
10012708323
10012835881
10012874359
10012883039
10012862099
10012923281
10012988485
10012847165
10012932013
10012740739
10013037569
10012855227
10012944007
10012860473
10012885841
10012739925
10012874901
10012823467
10012877181
10012804413
10012833753
10012861249
10012758557
10012835487
10012789159
10013053785
10012887647
10012910289
10012850233
10012856739
10012887827
10012884553
10012859341
10012837879
10012809841
10012872109
10012862419
10012959623
10012881113
10012865809
10012824369
10012864949
10012865309
10012863023
10012730417
10012850509
10012870205
10013008845
10013086529
10012974131
10012888117
10012876179
10012830485
10012821617
10012782639
10012862277
10012907637
10012876073
10012810857
10012910837
10012857327
10012833063
10012855845
10012878221
10013018927
10012863201
10012886687
10012997271
10012853515
10012845873
10012857901
10012856269
10012837315
10012853965
10012847225
10012945099
10012676989
10012803115
10012865215
10012848821
10012899309
10012890507
10012904829
10012831231
10012925611
10012863569
10012948693
10012837551
10012807383
10012824541
10012858787
10012985675
10012797813
10012788995
10012893345
10012880647
10012864043
10012809047
10012891903
10012736159
10012863615
10012862361
10012834237
10012897059
10012660573
10012871731
10012853937
10012929357
10012871425
10012870549
10012981135
10012833907
10012810235
10012881465
10012819445
10012836161
10012932043
10012702145
10012866725
10012864589
10012875753
10013017731
10012801967
10012781447
10012869089
10012857645
10012798605
10012727969
10012862075
10012999897
10012863023
10012844033
10012881813
10012862551
10012839109
10012862879
10012818497
10012905375
10012872639
10012894455
10012882749
10012852821
10012837967
10012778389
10012830685
10012934137
10012843505
10012878003
10012824091
10012843807
10012921065
10012897491
10012859687
10012855561
10013056913
10012858659
10012858517
10012799767
10012960929
10012988565
10012864259
10012774719
10012808079
10012866799
10012846137
10012764989
10012905423
10012917933
10012910883
10012879691
10012885517
10012880281
10012861377
10012892191
10012961621
10012806197
10012821799
10012865791
10012830863
10012868475
10012794717
10012901831
10012748921
10012803645
10012768681
10012810741
10012890993
10012807249
10012829349
10012902539
10012885889
10013067983
10012864789
10012863523
10012864203
10012938613
10012812571
10012784615
10012741045
10012820735
10012732635
10012866519
10012822017
10012888171
10013035525
10012886507
10012669491
10012821539
10012830197
10012860419
10012865321
10012882445
10012966797
10012983491
10013025035
10012855975
10012839565
10012920091
10012858101
10012803341
10012847323
10012863529
10012856101
10012855399
10012876851
10012846381
10012852545
10012870427
10012951193
10012822841
10012897785
10012890963
10012751135
10012900475
10012885417
10012871893
10012945059
10012943941
10012910279
10012815215
10012926545
10012855161
10012829963
10012923659
10012859791
10012956891
10012949983
10012953489
10012776533
10012912331
10012871135
10012864411
10012822215
10012847089
10012859581
10012888109
10013017223
10012891239
10012907003
10012871679
10012863029
10013014151
10012895029
10012890663
10012821059
10012852667
10012749017
10012885141
10012878589
10012860343
10012842637
10012891875
10012903423
10012695339
10012940339
10012791693
10013104625
10012816707
10012856729
10012789335
10012848389
10012642749
10012763165
10012858793
10012775413
10012871407
10012935971
10012859653
10012854201
10012897801
10012857175
10012848873
10012823293
10012811979
10013056209
10012863245
10012869401
10012838761
10012817317
10012970787
10012862991
10012852435
10012864683
10012869563
10012790059
10012670499
10012875733
10012872703
10012863899
10012845319
10012878653
10012888293
10012840923
10012860771
10012735239
10012987821
10012798979
10012855723
10012873605
10012819085
10012927247
10012761365
10012979541
10012764455
10012847543
10012863779
10012874273
10012857241
10012872583
10012821613
10012869997
10012894771
10012865649
10012883265
10012866037
10012767535
10012880955
10012805903
10012859995
10012863735
10012779635
10012858929
10012978275
10012890619
10012935341
10012863321
10012842089
10012957557
10012944081
10012984701
10012873949
10012869855
10012872107
10012830385
10012903839
10012854773
10012896703
10012792815
10012988153
10012671603
10012822101
10012855387
10012928511
10012830759
10012854951
10012859751
10012706851
10012872237
10012833537
10012816909
10012802255
10012897167
10012853205
10012927501
10012847089
10012816395
10012860937
10012801373
10012862621
10012909871
10012861483
10012856431
10012873227
10012867053
10012864247
10013021107
10012889739
10013061047
10012863937
10012809995
10012862399
10012863985
10012845031
10012855779
10012959761
10012894875
10012803259
10012981979
10012876065
10012867955
10012893727
10012890139
10012866421
10012869327
10012843953
10012862749
10012926657
10012864813
10012954341
10012838649
10012860403
10012880881
10012824399
10012836175
10012697859
10012826341
10012966175
10012924823
10012807173
10012887555
10012707917
10012877571
10012856917
10012900079
10012868279
10012867925
10012779429
10012705893
10012857063
10012908811
10012842499
10012869465
10012735241
10012993627
10012776577
10012854051
10012871245
10012980469
10012821343
10012833809
10012984561
10012795205
10013014995
10012919983
10012850163
10012864605
10012860433
10012918881
10012865049
10012868519
10012867113
10012864439
10012909361
10012855205
10012878005
10012909179
10012856725
10012831971
10012988343
10012899063
10012721775
10012848365
10012837525
10012931347
10012832643
10012864813
10012778985
10012852441
10012776419
10012850397
10012891607
10012877869
10012859581
10012862293
10012881301
10012854895
10012966957
10012849383
10012788401
10012891283
10012874055
10012907723
10012878721
10012918303
10012862627
10012851057
10012854227
10012692151
10012876697
10012822523
10012855003
10012867735
10012897585
10012914015
10013074641
10013096997
10012863911
10012862435
10012822531
10012861341
10012876919
10012855047
10012810569
10012854131
10012841955
10012855711
10012903975
10012859115
10012965513
10012847951
10012894355
10012943211
10012722069
10012759099
10012861583
10012903687
10012842883
10012728125
10012865177
10012918667
10012863505
10012905651
10012864129
10012893685
10013034807
10012863407
10013077883
10012859491
10012840745
10012870113
10012900971
10012859825
10012871547
10012922827
10012871783
10012824511
10012877901
10012871679
10012998689
10012863311
10012886413
10012780315
10012773335
10012931825
10013012383
10012860625
10012857997
10012902395
10012869439
10012853991
10012874303
10012589869
10012879799
10012857805
10012898481
10012882945
10012828659
10012874977
10012837889
10012853273
10012861491
10012892545
10012880889
10012952441
10012847355
10012860279
10012928089
10012830259
10013024043
10012855953
10012859673
10012829463
10012890861
10012953029
10012868621
10012849863
10013039763
10012872151
10012899877
10012868171
10012855341
10012858649
10012844729
10012814065
10012804735
10012983559
10012746601
10012938261
10012888957
10013016199
10012832493
10012857949
10012856659
10013019163
10012916977
10012752287
10012866523
10012685259
10012854243
10012868287
10012888203
10012899233
10012706159
10012892523
10012790101
10012857189
10012898215
10012893381
10012831413
10012844335
10012864097
10012953567
10012987335
10012842663
10012869225
10012856329
10012842411
10012792221
10012683003
10012828783
10012859805
10012864749
10012902685
10012863521
10012878189
10012872097
10012868365
10012869549
10013056981
10012899089
10012820447
10012852557
10012869823
10012816887
10012889335
10012774155
10012956359
10012881075
10012840559
10012960845
10012820995
10012860537
10012873579
10012912445
10012884747
10012882323
10012763291
10012972043
10012874561
10012893275
10012847055
10012870025
10012850153
10012880639
10012868037
10012804327
10012841383
10012817095
10012850289
10013069019
10012903051
10012833435
10012872881
10012848911
10012799417
10012865875
10012978931
10012887877
10012820693
10012890535
10012906923
10012796747
10012683365
10012960643
10012988189
10012902969
10012853997
10012705129
10012864151
10012889531
10012864713
10012871439
10012858967
10013108359
10012892295
10012760783
10012901701
10012893985
10012877549
10012850357
10012997069
10012908633
10012863603
10012876789
10012816289
10012853175
10012786043
10013045501
10012908705
10012809905
10012943501
10012873749
10013018663
10012796197
10012851669
10012870531
10012858033
10012800255
10012869083
10012841397
10013032847
10012867805
10013062561
10012948435
10012847347
10012821731
10012845661
10012788861
10012889347
10012983535
10012834261
10012900801
10012847531
10013042515
10012984153
10013062389
10012782981
10012820881
10012743765
10012624663
10012859356
10012675995
10012933645
10012875695
10012868375
10012881867
10012848501
10012866517
10012904635
10012829521
10012872579
10012916343
10012864301
10012907747
10012901107
10012752333
10012796271
10012871723
10012875631
10012887185
10012741989
10012650081
10012888355
10012912549
10012907915
10012859087
10012856437
10012925851
10012868417
10012821137
10012836337
10012894615
10012928747
10012884599
10012864089
10012855309
10012871553
10012791225
10012834799
10012858825
10012863029
10012786233
10012859219
10012794287
10013034719
10013097729
10012879175
10012776399
10012792623
10012817657
10012856107
10012859301
10012836999
10012728373
10012878257
10013046383
10012876269
10012886367
10012862601
10012859503
10012740455
10012864955
10012858499
10012913521
10012811941
10012809135
10012974041
10012902047
10012889797
10012861461
10012843449
10012789757
10012921319
10012903103
10012863811
10012857705
10012888233
10012896497
10012985747
10012778909
10012858151
10012843973
10012895301
10012820721
10012783997
10012859769
10012848371
10012963779
10012859939
10012767681
10012868991
10012922141
10012901741
10012876219
10012874741
10012733207
10012868819
10012870895
10012923129
10012669795
10012854777
10012957649
10012857645
10012863313
10012878957
10012863299
10012865257
10012845311
10012988967
10013035633
10012867929
10012922725
10012896867
10012854481
10012925425
10012882837
10012860421
10012858275
10012817969
10012868041
10012811641
10012868531
10012857695
10012873647
10012861547
10012888293
10012845941
10012802583
10012837879
10012609723
10012852515
10012879537
10012777085
10012862741
10012780635
10012806199
10012824633
10013099109
10012876699
10012753351
10012790161
10012863795
10012763821
10012882291
10012870089
10012885841
10012852225
10012930661
10012851011
10012787829
10012914321
10012947883
10012858679
10013005867
10012851505
10012736553
10013021437
10012720151
10012876135
10012856893
10012871643
10012735799
10012891335
10012868253
10012834971
10012780371
10012815139
10012888379
10012939363
10012824089
10012879091
10012898577
10012865213
10012912515
10013125497
10012904629
10012861427
10012817817
10012835825
10012782651
10012888729
10012899591
10012852199
10012809587
10012871835
10012871943
10012858061
10012836407
10012850023
10012977435
10012865461
10012857891
10012880267
10012814109
10012865085
10012879979
10012926175
10012849233
10012819997
10012899009
10012890681
10012877285
10012735337
10012840067
10013044971
10012995689
10012736051
10012867041
10012903383
10012853963
10012891759
10012872245
10012905793
10012880637
10012857863
10012880923
10012882913
10012842841
10012895123
10012918793
10012872099
10012833895
10012872235
10012867259
10012863275
10012912587
10012864809
10012853821
10012835803
10012787133
10012834097
10012861133
10012866407
10012888553
10012862629
10012810283
10012816957
10012642731
10012812779
10012872733
10012830807
10012881491
10012842325
10012864175
10012822837
10012864513
10012965163
10012887419
10012917217
10012882059
10012896405
10012864267
10012835111
10012847825
10012862041
10013006375
10012862699
10013000529
10012884543
10012766731
10012779141
10012873159
10012767089
10012886195
10013048435
10013002797
10012928293
10012882505
10012882269
10012865051
10012871455
10012742697
10012851999
10012803099
10012861019
10012918783
10012797591
10012790045
10012771349
10012908819
10012782045
10012861559
10012849271
10012868619
10012854787
10012871685
10012865237
10012967513
10012752031
10012721267
10012875869
10012967925
10012830019
10012797435
10012875953
10012844789
10012878429
10012824041
10012876621
10012856863
10012770351
10012855897
10012849511
10012852911
10012851319
10012849583
10013013825
10012865795
10012860139
10012668553
10012858683
10012986107
10012836655
10012865833
10013068143
10012866745
10012782719
10012903101
10012926887
10012868671
10012824467
10012899717
10012695463
10012864769
10012866441
10012864277
10012756709
10012937371
10012755335
10012905905
10012868567
10012891177
10012909705
10012855061
10012948483
10012854459
10012942023
10012848345
10012826255
10012931331
10012761089
10012878065
10012850363
10012882623
10012929845
10012853205
10012826449
10012844503
10012872853
10012869005
10012879359
10012863909
10012856049
10012864493
10012866655
10012880573
10012861295
10012963563
10012864597
10012869443
10012849179
10012889003
10012934721
10012867771
10012851293
10012945925
10012834757
10012899221
10012861333
10012905115
10012884329
10012813047
10012857243
10012921451
10013218307
10012878317
10012866927
10012854251
10012924687
10012774041
10012864339
10012886779
10012849281
10012848561
10013009225
10012922695
10013030291
10012819115
10012905301
10012914013
10013061343
10012913579
10012836139
10012791525
10012812435
10012845323
10012886683
10012950927
10012853513
10012788481
10012775809
10012891495
10012866209
10012856447
10012900123
10012860367
10012934109
10012879961
10012868869
10012966483
10012853431
10012865599
10012854173
10012857547
10012771225
10012736973
10012906587
10012889677
10012886341
10012814781
10012849735
10012832111
10012821767
10012824317
10012944573
10012847989
10012872985
10012892449
10012871221
10012947353
10012833309
10012909887
10012872309
10012762077
10012989215
10012724183
10012927523
10012735153
10012852957
10012779743
10012873833
10012860889
10012902045
10012868153
10012872519
10012839959
10012864637
10012764495
10012862039
10012871401
10012859359
10012878715
10012879495
10012867155
10012860805
10012790673
10012826955
10012826357
10012865129
10012853223
10012891751
10012920727
10012857471
10012689691
10012854921
10012861353
10012955049
10012826241
10012870757
10012858637
10012843667
10012884773
10012807035
10013027019
10012904823
10012895507
10012943627
10012941249
10012846035
10012994495
10012944101
10012813469
10012875241
10013010417
10012822195
10012751083
10012981157
10012906365
10012840239
10012867131
10012887745
10012859675
10012878651
10012848911
10012966007
10012863101
10012847255
10012828971
10012872555
10012865691
10012858825
10012893947
10012841079
10012956613
10012861345
10012840651
10012904265
10012950705
10012826327
10012821583
10012871663
10012827713
10012854819
10013200631
10012687325
10012840745
10012801771
10012817981
10012844801
10012904197
10012882315
10012862941
10012880661
10012793049
10012852919
10012832403
10012937029
10012866397
10012863027
10012873357
10012858859
10012886849
10012833343
10012901613
10012647155
10013014515
10012852075
10012946029
10012913339
10012862465
10012759385
10012854753
10012774355
10012865769
10012838361
10012820655
10012896737
10012767601
10012774251
10012817477
10012946827
10012862607
10012944461
10012868879
10012749247
10012800483
10012863085
10012920663
10012867209
10012772289
10012780347
10012806587
10012854173
10012904165
10012875183
10012866377
10012830667
10012909877
10012862073
10012865779
10012764345
10012881793
10012772763
10012828697
10012863397
10012838745
10012892089
10012942695
10012855937
10012867311
10012900065
10012819403
10012821433
10012882827
10012867877
10012943843
10012837363
10012865401
10012873575
10012852317
10012815855
10012876149
10012731327
10012966499
10012940057
10012868883
10012995693
10012838711
10012887223
10012837497
10012791781
10012885725
10012917079
10012887267
10012868351
10012831255
10012772277
10012847413
10012862281
10012857147
10012847899
10012885347
10012837611
10012868011
10012874319
10012931013
10012797955
10012859653
10012936635
10012862231
10012757021
10012877873
10012892077
10012947615
10012936403
10012810465
10012871269
10012884461
10012846881
10012839833
10012812039
10012820117
10012862913
10012881909
10012901071
10012717533
10012739185
10012932219
10012837153
10012840275
10012908513
10012861963
10012890137
10012773329
10012862269
10012903687
10012871291
10012862367
10012846029
10012852087
10012852731
10012827473
10012932577
10012927929
10012846531
10012870373
10012842027
10012680497
10012811055
10012864273
10012873717
10013123429
10012831857
10013083739
10012884307
10012748353
10012826997
10012823597
10012871275
10012871603
10012874445
10012841723
10012862569
10012820843
10012878325
10012874067
10012947177
10012860137
10012805035
10012897027
10012895833
10012848093
10012837513
10012919407
10012875503
10012942551
10012911273
10012897127
10012934033
10012758847
10012858511
10012957115
10012817625
10012859559
10012808341
10012873745
10012864871
10012780123
10012752099
10012761879
10012958735
10012638999
10012812719
10012832657
10012931883
10012889129
10012895273
10012793219
10012876917
10012892041
10012871173
10012795871
10012864879
10012990937
10012862087
10012830935
10012930265
10012862831
10012851685
10012889849
10012881857
10012850487
10012826927
10012865535
10012869025
10012870357
10012904927
10012816057
10012817895
10012891279
10012865093
10012863061
10012987473
10012866569
10012878051
10012853775
10012812589
10012855581
10012852285
10012809461
10012910631
10012862109
10012921663
10012853825
10012870309
10012870401
10012749067
10012873155
10012824947
10012827457
10012845233
10012786073
10012850745
10012774657
10012831775
10012884879
10012856283
10013013087
10012875283
10012809901
10012901647
10012987123
10012763479
10012884671
10012821165
10012906769
10012728327
10012828157
10012986365
10012803647
10012774473
10012954931
10012850977
10012827631
10012900687
10012879973
10012857971
10012861155
10012834591
10012973343
10012857399
10012873915
10012919321
10012881475
10012940215
10012925747
10012829101
10012851635
10012846731
10012862357
10012853725
10012899609
10012859307
10012890843
10012872793
10012869235
10012863147
10012745469
10012792439
10012863205
10012781279
10012892047
10012861789
10012875043
10012806837
10012862925
10012743021
10012884345
10012812983
10012851129
10012883775
10012849715
10012879417
10012867503
10012858979
10012850571
10012875455
10012819147
10012944829
10012838613
10012930959
10013111519
10012830911
10012930825
10012851461
10012864555
10012881789
10012873181
10012701733
10012837545
10012883203
10012896297
10012821939
10012905869
10012822459
10012830369
10012940923
10012863183
10012877297
10012848061
10012850017
10012773515
10012907711
10012852721
10012681479
10012804691
10012827477
10012877765
10012858207
10012712451
10012796671
10012852281
10012889949
10012841869
10012823073
10012861573
10012783853
10012940447
10012887427
10012857185
10012917151
10012866825
10012904839
10012887501
10012825019
10012769953
10012870953
10012863195
10012856003
10012831377
10012875843
10012878715
10012843403
10012987833
10012878021
10012803773
10012851425
10012858231
10012838977
10012722649
10012867095
10012984767
10012858393
10012861129
10012872943
10012860133
10012883425
10012865663
10012817723
10012841529
10013042979
10012845709
10012868421
10012721655
10012889635
10012752773
10012885443
10012877085
10012851795
10012869157
10012824373
10012829431
10012922381
10012840211
10012957961
10012851041
10012848177
10012859995
10012964917
10012855771
10012846547
10012817129
10012865789
10012859965
10012807791
10012865739
10012845561
10012920665
10012804201
10012861415
10012850405
10012854345
10012862343
10012951851
10012926019
10012951881
10012872095
10012873849
10012876857
10012863371
10012840345
10012861833
10012848057
10012987097
10012785141
10012867281
10012930803
10012921977
10012820111
10012862475
10012973057
10012868155
10012893893
10012862703
10012867571
10012857959
10012877729
10012863767
10012774177
10012864125
10012685365
10012835903
10012905631
10012966811
10012868813
10012888675
10012775819
10012815073
10012956545
10012837407
10012868135
10012891361
10012823813
10012835385
10012863539
10012863445
10012944365
10012869791
10012854763
10012813353
10012881113
10012798359
10012862883
10012864999
10012859719
10012609899
10012792139
10012777689
10012806425
10013118325
10012862927
10012864903
10012924947
10012790975
10012723325
10012875883
10012934099
10012752577
10012759061
10012950063
10012976949
10012890973
10012841271
10012878155
10012826453
10012862503
10012920515
10012853813
10012824397
10012900359
10012909381
10012864131
10012858439
10012940569
10012851895
10012814207
10012877443
10012853627
10012893449
10012787397
10012797105
10012818935
10012917627
10012941607
10012865831
10012990853
10012872903
10012879971
10012719181
10012736617
10012952027
10012919321
10012691747
10012860331
10012858533
10012982143
10012885181
10012835647
10012838587
10012851057
10012874461
10012863907
10012968727
10012872497
10012860213
10012874173
10012914173
10012628267
10012876349
10012835061
10012980747
10012843639
10012851777
10012849817
10012818693
10012777549
10012765423
10012854505
10012773163
10012869367
10012862541
10012844957
10012879961
10012792639
10012906431
10012964539
10012955355
10012865249
10012897297
10012913285
10012864067
10012873753
10012860407
10013070707
10012865339
10012782493
10012774409
10012813533
10012839447
10012976247
10012878351
10012945305
10012873245
10012900455
10012906299
10012874429
10012738573
10012954675
10012932861
10012790631
10012782673
10012826841
10012870867
10012883751
10012787093
10012797371
10012894101
10012864815
10012862335
10012878169
10012862315
10012858243
10012799583
10012841191
10012875325
10012847549
10012867247
10012877167
10012855727
10012919395
10012853287
10012988479
10012832151
10012821015
10012907401
10012752991
10012776081
10012863015
10012845533
10012856783
10012834265
10012863719
10012791009
10012862167
10012888601
10012901513
10012821809
10012843361
10012891971
10012871275
10012878487
10012865189
10012775561
10012887385
10012769083
10012944059
10012804917
10012963985
10012962727
10012947869
10012869239
10012875939
10012902603
10012840709
10012863223
10012895891
10012854747
10012880021
10012973331
10012895387
10012866659
10012857635
10012862397
10012826365
10012864617
10012864219
10012796245
10012951667
10012934419
10012884693
10012863481
10012696055
10012805605
10012901741
10012863385
10012917779
10012825889
10012872807
10012865909
10012860953
10012870525
10012795393
10012873481
10012879791
10012770121
10012878343
10012783225
10012859029
10012872751
10012890763
10012851845
10012825355
10012822689
10012749091
10012906081
10012735123
10012899577
10012965233
10012888843
10012822549
10012851825
10013005035
10012863233
10012854383
10012955515
10012983427
10012907033
10012746865
10013019707
10012860217
10012922707
10012862427
10012878781
10012644505
10012874541
10012793197
10012847531
10012849765
10012994429
10012869681
10012864153
10012823511
10012856335
10012927625
10012839275
10012833219
10012911601
10012870521
10012868261
10012844205
10012866223
10012856741
10012773479
10012886849
10012856685
10012849993
10012855677
10012949079
10013014713
10012970627
10012852023
10012851663
10012896799
10012858399
10013026581
10012867937
10012705557
10012797499
10012923959
10012840667
10012943579
10013017277
10012836765
10012864265
10012858853
10012846235
10012842115
10012958171
10012747271
10012862415
10012807427
10012803837
10012875107
10012937755
10012901941
10012958885
10012858129
10012870887
10012868115
10012843375
10012876277
10012855031
10012865067
10012909927
10012854671
10012862827
10012855941
10012876075
10012929187
10012881581
10012840661
10012851985
10012991703
10012796549
10012871497
10012748057
10012845713
10012717371
10012880711
10012933601
10012888005
10012883797
10012811693
10012951559
10012872493
10013007915
10012879803
10012859191
10012868601
10012868533
10012863757
10012728815
10012861603
10012859549
10012900147
10012857889
10012856173
10012854987
10012866217
10012879935
10012905593
10012861485
10012914087
10012860449
10012850439
10012869681
10012939515
10012883487
10012879417
10012895197
10012966755
10012857455
10012929995
10012874973
10012868651
10012861649
10012938559
10012763107
10012860435
10012775865
10012749141
10012696883
10012888439
10012872053
10012813815
10012813423
10012930849
10012864713
10012889085
10012876717
10012840101
10012673101
10012798991
10013097023
10012852903
10012832125
10012839393
10012671405
10012696079
10012898393
10012855033
10012923805
10012876381
10012833023
10012869657
10012943963
10012757791
10012918871
10012900513
10012803221
10012942835
10012892161
10012864051
10012862351
10012953187
10012855501
10012709205
10012857093
10012866751
10012858403
10012926947
10012843851
10012862297
10012778961
10012872951
10012841767
10012844145
10012857501
10012937457
10012959711
10012788117
10012872855
10012928747
10012820161
10012875515
10012879307
10012930019
10012846033
10012862841
10012825993
10012851265
10012893017
10012858055
10012841111
10012940751
10012855129
10012932699
10012861803
10012857733
10012862999
10012914685
10012879681
10012894435
10012864981
10012777517
10012818601
10012812843
10012928995
10012862091
10012831909
10012906927
10012811717
10012876223
10012802369
10012867191
10012801729
10012835655
10012865975
10012811559
10012848341
10012956015
10012882283
10012888833
10012863855
10012864097
10012818281
10012905687
10012875553
10012872743
10012856701
10012794431
10012863697
10012792567
10012864427
10012810377
10012867427
10012741281
10012886501
10012883161
10012879303
10013017053
10012901535
10013004125
10012905097
10012674025
10012825629
10012827291
10012905779
10012857405
10012860481
10012859531
10012748733
10012935739
10012798495
10012860807
10012893341
10012863765
10012886499
10012756325
10012867505
10012845713
10012920315
10012876139
10012863849
10012878863
10012849849
10012903235
10012741229
10012841379
10012815073
10012862059
10012848345
10012866969
10012882847
10012902429
10012919219
10012832707
10012879897
10012944823
10012879273
10012888939
10012862123
10012855987
10012868527
10012924395
10012872591
10012865145
10012882023
10012867529
10012839959
10012956867
10012791517
10012920745
10012856825
10012891683
10012864923
10012857847
10012870253
10012974549
10012734065
10012909441
10012866999
10012876167
10012863573
10012851523
10012786467
10012855705
10012811691
10012933609
10012848321
10012866391
10012868647
10012857255
10012869215
10012792363
10012803601
10012742913
10012854443
10012863335
10012890129
10012843575
10012858135
10012851317
10012848575
10012795635
10012856407
10012865029
10012881691
10012900203
10012820647
10012749685
10012864239
10012877795
10012858725
10012881043
10012863837
10012905473
10012861691
10012860259
10012860735
10012892031
10012661865
10012969313
10012867281
10012872541
10012861391
10012848003
10012842067
10012859433
10012871221
10012876629
10012884787
10012877807
10012903793
10012881815
10013123751
10012966363
10012897365
10012918011
10012839113
10012867217
10012908411
10012850353
10012884301
10012864865
10012824245
10012853817
10012867705
10013090283
10012868933
10012857953
10012863647
10012924659
10012847459
10012862849
10012812391
10012857953
10012864459
10012836377
10012912033
10012861693
10012783101
10012862897
10012810963
10012923617
10012830135
10012877085
10012875051
10012837467
10012712291
10012922731
10013128527
10012833347
10012839737
10012829115
10012895711
10012844419
10013063577
10012804155
10012880241
10012789183
10012915181
10012889465
10012865765
10012903297
10012848121
10012866313
10012795235
10012868285
10012847835
10012917925
10012866647
10012886585
10012832417
10012858105
10012868431
10012891819
10012763711
10012820075
10012978683
10012862361
10012825821
10012835829
10012829185
10012895823
10012777461
10012868279
10012862053
10012977533
10012903339
10012863693
10012882545
10012635119
10013052199
10012803895
10012834987
10012836995
10012831193
10012902141
10012917431
10012952107
10012865849
10012865407
10012853171
10012877917
10012866113
10012865295
10012838277
10012870257
10012856933
10012881337
10012867851
10012856965
10012951703
10012907491
10012805163
10012881941
10012901661
10012864819
10012877703
10012820353
10012877441
10012863115
10012820653
10012883559
10013010503
10012759273
10012869977
10012978347
10012872715
10012925199
10012961659
10012860537
10012881343
10012780515
10012876033
10012906049
10012949893
10012738691
10012868633
10012907361
10012909409
10012864779
10012841223
10012723759
10012867091
10012834653
10012876779
10012868765
10012929671
10012925127
10012824583
10012654813
10012836921
10012860463
10012907931
10013044443
10012867035
10012924205
10012858753
10012839443
10012751233
10012864385
10012874651
10012853763
10012869433
10012867331
10012856347
10012825223
10012924277
10012876663
10013062001
10012880741
10012857221
10012892035
10012825927
10012858901
10012887717
10012869975
10012866459
10012806277
10012853337
10012848113
10012863087
10012865651
10012735413
10012727821
10012975595
10012818097
10012861015
10013127621
10012855229
10012959183
10012822865
10012971429
10012857331
10012867727
10012970509
10012886571
10012860523
10012834003
10012882879
10012849701
10012770343
10012888173
10012779731
10012861283
10012852179
10012852699
10012819375
10012858249
10012827391
10012811675
10012914429
10012887077
10012833269
10012883239
10012870843
10012929241
10012996505
10012862949
10012931949
10012872129
10012938051
10012849309
10012860967
10012896363
10012961603
10012898193
10012915757
10012847801
10012808013
10012940857
10013108309
10012865451
10012908383
10012847349
10012830071
10012921533
10012991023
10012838165
10012886405
10012936205
10012854405
10012850309
10012869301
10012843777
10012860755
10012795639
10012958713
10012937857
10012857369
10012937335
10012890233
10012894359
10013039423
10012736569
10012887577
10012914383
10012854749
10012863873
10012860533
10012738785
10012772611
10012930381
10012861971
10012868301
10012875039
10012975829
10012863835
10012866835
10012664925
10012867867
10012923321
10012866543
10012888093
10012869827
10012858813
10012889857
10012938227
10012876805
10012828215
10012975169
10012897291
10012783993
10013031291
10012840565
10012860231
10012861333
10012867367
10012861851
10012853371
10012904023
10012840673
10012723923
10012893963
10012835639
10013018659
10013139409
10012855957
10012883493
10012860577
10012870533
10012907631
10012863389
10012874265
10012828861
10012804823
10012882699
10012878843
10012857135
10012849927
10012851511
10012797835
10012866431
10012866027
10013039243
10012873035
10012957071
10012869669
10012927459
10012884115
10012889253
10012865781
10012875801
10012874683
10012677537
10012968753
10012860303
10012870991
10012832615
10012826879
10012863433
10012789139
10012875989
10012821171
10012864039
10012908109
10012832363
10012961049
10012875985
10012830751
10012889637
10012770111
10012869327
10012683047
10012932569
10012914627
10012864777
10012943655
10012677179
10012809557
10012907663
10012840127
10012868241
10012794907
10012760241
10012934521
10012883397
10012845519
10012868745
10012828595
10012869243
10012875135
10012771241
10012916533
10012751437
10012868459
10012862101
10012797139
10012865353
10012861989
10012895775
10012831307
10013118475
10012762449
10012837357
10012643767
10012890151
10012861579
10012941425
10012854483
10012895473
10012951547
10012862457
10012866713
10012852127
10012920909
10013005519
10012960285
10012857111
10012805955
10012854493
10012961843
10012790781
10012851489
10012860053
10012888083
10012911537
10012810595
10012862553
10012880821
10012871979
10012836329
10013013767
10012865787
10012860773
10013118205
10012863451
10012813855
10012885683
10012859045
10012916025
10012855597
10012869573
10012955771
10012719385
10012899273
10012947279
10012816137
10012860529
10012915557
10012875145
10013152137
10012717825
10012879487
10012812375
10012904535
10012818207
10012859355
10012828669
10012759941
10012837809
10012875955
10012814711
10012681661
10012743923
10012799049
10012859881
10012997243
10012846533
10012625537
10012596975
10012779293
10012824741
10012866623
10012871115
10012838457
10012820891
10012743043
10012862219
10012864361
10012904249
10012870711
10012844817
10012887771
10012858255
10012929897
10012844013
10012923309
10012867521
10012898751
10013133451
10012866241
10012853457
10012823253
10012855459
10012848955
10012938909
10012870165
10012860059
10012819759
10012864853
10012789977
10012780839
10012837039
10012853319
10012972469
10012843457
10012876915
10012859181
10012976845
10012859845
10012890573
10012882957
10012870515
10012831711
10012835295
10012842295
10013046773
10012840121
10012852389
10012878939
10012847085
10012798997
10012834753
10012931371
10012840337
10012942087
10012835863
10012777899
10012950661
10012740005
10012866819
10012791603
10012857159
10012850645
10012846279
10012957543
10012877651
10012624097
10012733393
10012942679
10012775247
10012864903
10013035973
10012817925
10012731327
10012925111
10012901771
10012855263
10012864303
10012939183
10012908597
10012768497
10012847359
10012842639
10012945789
10012903249
10012864925
10012886237
10012884893
10012863035
10012886291
10012866211
10012767867
10012939317
10012842943
10012870763
10012856777
10012880523
10012835851
10012881943
10012871257
10012804291
10012766199
10012874475
10012875379
10012876139
10012970811
10012892141
10012796279
10012883921
10012698103
10012876979
10012847061
10012847309
10012819005
10012999229
10012845175
10012909373
10012831099
10012871831
10012894017
10013109219
10012997795
10012849251
10012871003
10012884961
10012897743
10012734545
10012819391
10012897273
10012877583
10012835515
10013043109
10012854887
10012858967
10012998869
10012863571
10012881459
10012874187
10012916479
10012893029
10012777961
10012890391
10012831295
10012839345
10012861687
10012918449
10012919619
10012945077
10012865551
10012838637
10012788399
10012969889
10012863647
10012635367
10012854643
10012944091
10012869007
10012883055
10012637603
10012862159
10012899199
10012868901
10012892899
10012844075
10012853131
10012829281
10012854503
10012834947
10012957977
10012864369
10012872365
10012771431
10012828425
10012794325
10012991467
10012870205
10012873185
10012874779
10012857921
10012762749
10012872903
10012983527
10012850407
10012868207
10012818257
10012854503
10012796885
10012864643
10012822851
10012958373
10012852815
10012846597
10012849557
10012866833
10013032699
10012796253
10012874323
10012867953
10012848747
10012911177
10012923357
10012804943
10012874329
10012875523
10012874863
10012943511
10012951799
10013041197
10012956609
10012831471
10012865487
10012864353
10012934807
10012958857
10012814695
10012863995
10012849113
10012813295
10012726983
10012873229
10012874717
10012876821
10012837981
10012887243
10012817265
10012815881
10012868935
10012867885
10012813335
10012715083
10012863865
10012775865
10012890891
10012965693
10012866309
10012876735
10012867433
10012838333
10012839303
10012852207
10012862505
10012760053
10012874619
10012859281
10012870829
10012871057
10012870477
10012863577
10012856483
10012869159
10012968899
10012971297
10012930429
10012884421
10012781623
10012673511
10012864305
10012879645
10012763699
10012858005
10012832367
10012836125
10012871269
10012857521
10012862983
10012885735
10012764073
10012813553
10012883787
10012846675
10012856875
10012857551
10012887861
10012867801
10012849931
10012877005
10012955913
10012910181
10012885577
10012815525
10012887041
10012919625
10012857891
10012841209
10012765313
10012877237
10012716353
10012929291
10012929737
10012858867
10012799353
10012942367
10012785017
10012865575
10012855535
10012962891
10012744169
10012914981
10012916495
10013090121
10012865363
10012925167
10012938385
10012882673
10012848289
10012919051
10012724967
10012825949
10012866897
10012901123
10012868175
10012845717
10012942591
10012774767
10013050749
10012992385
10012800409
10012970853
10012857891
10012858877
10012880733
10012885229
10013008295
10012876169
10012917567
10012871349
10012818049
10012896687
10012862301
10013014791
10012932405
10012927441
10012889373
10012875835
10012888121
10012861169
10012878929
10012840317
10012826025
10012785249
10012855145
10012845575
10012843829
10012805819
10013113349
10012898175
10012813691
10012861329
10012849931
10012859957
10012845167
10012860147
10012841057
10012866067
10012788109
10012857501
10012861917
10012803077
10012927777
10012845125
10012868371
10012919665
10012792253
10012931257
10012901071
10012810871
10012836377
10012933485
10012831983
10012829821
10012848837
10012876891
10012880981
10012895025
10012864363
10012898089
10012869955
10012797585
10012914487
10012882589
10012841445
10012821127
10012883729
10012956969
10012821239
10012894517
10012723439
10012832731
10012782685
10012857981
10012825245
10012846219
10012962337
10012796707
10012895675
10012864461
10012970249
10012846547
10012858399
10012828085
10012863429
10013001197
10012861199
10012862711
10012888119
10012846631
10012865693
10012889633
10012999359
10012775575
10012811983
10012830481
10012936071
10012762429
10012863949
10012875261
10012867135
10012866965
10012925777
10012914349
10012847141
10012811105
10012807103
10012850661
10012863467
10012802515
10012874525
10012863663
10012897195
10012873083
10012875875
10012800705
10012794599
10012801217
10012859175
10012855053
10012841297
10012860461
10012891881
10012870161
10012864849
10012863615
10012923573
10012860937
10012901443
10012833949
10012835169
10012879457
10012862961
10012863075
10012867127
10012864713
10012954157
10012835459
10012929941
10012810407
10012715693
10012904775
10012849869
10012914705
10012895171
10012884901
10012864497
10012747685
10013002495
10012668427
10012843219
10012747699
10012901903
10012943689
10012831451
10012864667
10012841033
10012815317
10012832591
10012818787
10012918457
10012998743
10012879025
10012702305
10012935975
10012826867
10012861541
10012859373
10012794857
10012804825
10012869525
10012872271
10012904895
10012873127
10012869575
10012818111
10012868201
10012878017
10012820087
10012860559
10012860135
10012741483
10012841905
10012867435
10012805201
10012755639
10012810403
1001