100
2 3 2
1 1 1
2 1 2
3 2 3
33 8 33
1 100 1
25 2 25
86 2 86
3 10 3
2 55 2
34 3 34
11 3 11
35 1 35
54 4 54
98 4 98
10 18 10
40 10 40
91 2 91
57 8 57
30 12 30
2 59 2
4 21 4
35 11 35
3 1 3
4 2 4
97 5 97
1 96 1
55 8 55
80 8 80
70 3 70
43 11 43
92 4 92
54 9 54
24 3 24
48 9 48
8 3 8
10 5 10
100 8 100
1 4 1
3 4 3
7 10 7
93 4 93
100 9 100
14 7 14
1 88 1
100 2 100
10 9 10
87 5 87
59 7 59
4 1 4
11 8 11
3 11 3
6 16 6
62 5 62
72 4 72
23 11 23
1 8 1
4 4 4
22 13 22
60 9 60
41 6 41
17 12 17
38 8 38
55 3 55
30 6 30
34 11 34
16 2 16
9 1 9
36 2 36
2 4 2
69 7 69
1 2 1
24 5 24
2 2 2
12 7 12
5 19 5
1 14 1
100 1 100
3 37 3
17 2 17
100 3 100
96 4 96
13 11 13
1 6 1
30 2 30
47 6 47
57 1 57
18 3 18
21 9 21
30 9 30
100 4 100
1 3 1
48 1 48
9 18 9
21 7 21
3 3 3
79 2 79
4 3 4
4 29 4
31 3 31
