1000
94 30 5
95 88 7
85 73 70
0 42 24
33 69 55
69 25 52
35 45 55
98 6 75
73 81 87
0 55 55
42 93 80
87 78 17
84 75 56
57 26 71
82 35 76
92 31 9
1 23 57
54 73 68
5 5 86
0 32 79
60 38 13
21 88 44
53 89 74
95 85 81
89 80 24
16 53 10
70 88 73
12 98 95
79 7 62
21 28 21
25 47 39
88 56 9
1 87 21
58 16 65
17 89 70
7 55 65
73 5 80
61 87 41
3 40 45
98 23 27
90 72 20
17 36 76
56 48 75
36 22 35
98 83 39
28 53 36
64 81 11
33 35 34
97 44 60
7 84 22
35 35 60
11 72 92
0 53 42
60 100 78
61 56 2
2 42 20
7 62 58
42 8 52
16 10 4
44 60 67
100 66 13
84 70 75
36 42 44
40 29 19
36 64 15
61 88 67
16 46 80
30 74 67
83 27 46
75 91 13
0 34 29
77 88 1
83 81 21
70 25 2
38 73 58
75 46 17
43 82 22
7 72 10
57 61 15
53 80 34
38 4 40
49 42 78
52 60 75
73 29 39
65 89 98
18 22 25
17 73 94
66 96 69
51 72 5
95 33 26
16 20 13
47 66 68
64 88 26
99 99 99
15 28 37
74 98 45
34 9 32
33 60 68
91 24 30
50 22 86
44 52 32
93 28 75
45 83 96
57 76 73
57 14 13
8 34 45
63 43 23
39 68 89
27 56 28
90 70 34
8 92 17
22 97 31
71 75 75
44 4 23
53 85 73
4 64 27
68 55 29
32 60 75
87 47 83
90 63 36
7 33 36
58 58 81
99 70 86
17 43 82
16 20 69
28 95 98
77 75 53
98 55 70
75 97 59
92 40 17
90 24 63
55 65 61
17 2 33
15 81 30
94 75 65
70 59 36
77 46 98
46 18 82
71 35 27
20 98 70
40 32 40
68 45 5
54 99 95
97 44 64
17 69 21
55 48 15
91 48 60
30 41 28
24 98 37
86 7 52
6 26 84
95 44 79
97 69 86
67 3 26
38 96 19
46 60 87
33 55 85
70 93 6
100 54 94
33 20 79
50 82 26
47 85 3
95 53 33
80 53 38
32 38 20
28 62 38
55 98 32
91 41 56
35 68 35
93 81 97
30 9 85
61 85 22
48 69 67
12 7 78
74 73 98
66 92 12
6 97 77
91 63 31
86 82 81
13 28 46
75 28 25
55 71 46
83 15 78
97 82 93
100 60 84
93 61 47
16 58 27
52 71 98
20 60 75
97 87 65
84 1 80
23 68 11
60 2 68
1 52 5
79 4 33
32 68 96
87 40 57
32 71 93
34 92 25
34 54 33
36 98 27
12 55 55
28 46 55
57 71 100
50 65 61
5 4 81
10 9 17
52 79 8
38 18 74
14 12 58
100 91 18
43 72 63
2 67 55
63 75 34
74 24 4
84 90 42
13 62 69
93 68 55
5 95 26
66 17 16
32 46 61
35 71 80
78 13 34
5 77 3
16 79 40
90 37 82
3 83 27
7 52 70
28 44 77
46 60 37
42 65 78
16 97 9
93 40 71
2 35 88
77 75 10
78 12 41
33 34 86
91 83 54
25 54 15
42 62 90
24 29 11
45 24 7
52 71 59
57 38 52
75 18 15
94 11 37
54 36 40
29 72 80
55 68 37
30 15 68
34 21 80
32 98 7
0 89 69
83 53 23
63 74 95
76 77 73
41 48 10
21 61 42
40 58 61
61 11 97
2 47 93
92 10 71
5 19 45
25 68 86
38 42 11
91 88 3
5 98 52
1 54 73
68 47 78
10 22 55
74 9 58
23 74 80
8 59 6
86 89 75
9 76 39
30 5 25
76 85 40
53 3 4
91 77 63
13 94 70
33 84 61
52 10 20
6 56 93
11 97 8
4 47 1
59 22 76
72 40 83
91 9 77
38 8 35
95 21 59
55 47 53
9 70 2
37 62 67
10 34 81
43 86 20
64 25 83
1 12 64
14 60 30
100 61 33
30 61 23
35 64 17
41 54 55
25 2 9
61 12 61
11 73 54
35 72 76
12 9 17
2 100 54
81 88 84
28 16 5
22 95 30
6 90 7
12 3 26
6 68 91
56 35 42
67 83 21
53 22 1
66 15 25
76 27 10
73 94 6
14 89 2
77 65 16
19 15 33
80 25 64
55 3 20
35 73 75
44 33 42
94 7 87
84 18 41
16 81 80
34 78 66
52 68 11
32 77 66
31 57 62
75 36 52
32 43 54
5 36 8
53 6 61
45 70 62
55 4 97
50 45 96
86 15 32
8 3 76
16 43 68
34 38 11
15 73 20
63 97 5
100 84 72
25 76 48
82 65 54
98 41 60
70 44 46
12 59 63
55 94 47
4 84 60
58 91 89
8 44 91
11 5 82
13 47 81
69 96 3
95 20 58
62 18 5
24 26 19
2 32 95
9 67 98
6 27 73
85 71 33
1 69 27
17 6 40
73 6 68
40 47 81
80 66 44
92 33 47
85 84 21
1 73 59
1 23 28
56 44 57
62 24 38
5 47 66
38 86 11
54 18 72
60 83 20
31 80 31
80 15 95
25 43 87
95 52 21
34 26 6
21 89 97
21 80 63
92 82 14
0 65 91
100 6 94
7 13 7
60 52 78
10 38 38
77 46 25
47 71 80
90 93 62
84 71 12
75 18 61
100 89 76
43 9 84
87 21 91
4 8 40
28 43 83
82 89 7
56 65 95
44 26 6
4 95 82
58 12 24
16 88 96
62 46 8
54 83 44
72 84 72
61 95 87
50 69 97
30 64 33
72 98 89
85 12 5
8 61 41
99 97 98
52 39 2
6 23 99
37 87 8
75 79 54
99 60 89
31 83 25
58 20 9
16 48 34
43 41 16
82 87 30
67 23 25
17 24 45
95 29 87
21 17 22
84 79 64
77 28 9
13 99 9
25 17 18
40 5 31
93 85 66
68 23 92
6 74 32
82 86 16
26 2 42
59 78 24
98 22 42
15 29 66
9 72 95
4 86 31
48 46 58
97 76 47
45 39 5
97 81 53
50 36 93
53 90 67
89 41 20
55 80 45
6 33 77
10 55 4
37 13 100
38 68 94
73 60 73
12 88 91
64 76 28
95 11 94
91 25 16
100 18 7
48 100 7
100 6 31
50 22 39
67 1 56
73 79 96
60 5 38
51 16 83
96 23 25
66 89 30
84 24 17
100 31 47
100 33 89
0 57 27
13 66 1
71 28 11
31 30 58
88 17 100
42 73 40
66 16 67
48 59 23
82 19 81
94 41 86
23 100 5
50 27 13
51 46 69
53 92 12
92 67 54
75 12 4
44 95 98
87 63 16
33 17 14
20 18 1
11 69 57
36 61 83
20 41 6
22 75 38
33 36 11
26 63 84
37 21 1
45 19 56
58 18 38
99 8 47
73 67 79
81 3 94
38 4 1
57 98 14
26 57 61
7 29 92
53 5 47
45 38 11
8 87 8
36 41 40
100 76 79
97 61 94
80 80 99
62 86 17
27 81 7
29 35 24
29 21 89
31 8 81
51 9 46
71 87 7
19 67 40
23 60 91
74 77 38
13 35 36
70 57 74
69 44 38
19 90 69
94 24 53
54 72 3
69 96 28
39 62 100
100 35 40
84 53 47
53 97 9
1 97 39
81 69 83
67 53 15
87 20 40
81 40 43
65 46 89
97 16 13
54 69 77
38 27 52
46 71 15
90 22 23
89 80 48
100 89 96
64 38 29
39 5 87
92 80 87
63 38 11
16 66 96
51 34 61
76 45 72
13 17 1
49 22 17
43 97 35
83 62 4
59 98 12
54 6 54
67 60 11
87 37 94
12 100 82
96 100 18
91 61 19
28 81 52
85 85 71
69 77 100
19 32 69
48 77 79
91 54 60
59 72 79
11 99 92
96 23 79
42 13 34
34 14 7
17 26 74
6 57 10
69 74 98
53 48 15
93 92 92
96 55 72
34 64 3
7 13 96
84 5 4
38 87 35
78 23 25
12 33 57
13 9 61
68 6 13
28 13 37
8 58 1
66 75 25
22 42 25
56 92 59
15 12 1
55 83 24
19 53 6
60 34 72
77 61 9
5 92 68
8 67 44
16 96 54
34 15 71
78 28 94
52 90 42
10 22 75
57 85 91
100 68 14
79 67 41
4 17 11
13 15 91
17 32 44
64 16 62
51 61 95
24 8 15
22 15 99
74 35 91
78 22 46
49 37 81
8 7 32
96 2 72
21 94 36
35 81 8
95 62 96
97 40 88
4 38 5
41 62 75
56 80 4
55 82 21
57 48 78
68 85 59
38 18 100
73 43 35
98 4 46
76 5 76
19 77 96
59 43 87
55 71 19
25 18 17
26 26 94
76 21 60
89 48 41
66 25 14
17 46 54
15 27 85
17 42 4
84 58 8
93 79 38
23 76 96
91 2 12
97 10 17
88 40 84
1 55 20
4 80 61
36 4 21
46 25 23
67 10 77
53 70 66
56 83 72
94 30 1
31 20 6
25 12 74
10 19 4
38 91 22
63 42 23
91 63 85
31 11 66
67 5 11
60 24 94
73 44 1
51 66 33
39 85 37
86 92 88
24 24 77
90 14 81
90 47 68
49 11 58
84 74 99
38 13 25
24 1 68
66 69 9
9 10 84
84 26 67
83 77 15
12 39 71
21 99 3
30 64 56
90 58 66
18 13 17
93 8 68
75 93 5
5 97 10
80 5 56
100 17 30
34 16 89
49 47 74
95 59 36
23 7 57
40 87 59
86 33 83
52 68 7
72 53 57
75 97 39
53 76 77
93 94 28
52 72 19
55 36 81
81 53 85
6 36 66
94 6 97
2 93 86
57 59 38
79 91 11
33 61 4
90 67 82
32 10 75
89 84 47
85 16 71
79 87 63
17 78 67
46 4 73
76 23 47
69 91 72
17 52 13
10 33 33
17 31 57
51 7 31
43 82 18
2 36 39
48 39 20
77 67 94
98 42 24
71 81 41
55 93 15
20 71 63
34 99 40
73 81 29
59 46 2
58 20 22
45 58 69
88 93 40
51 26 61
11 32 65
76 9 32
11 30 40
93 6 84
12 83 57
2 9 3
43 19 26
100 37 76
47 39 84
0 99 43
74 32 14
80 46 30
98 13 29
89 11 13
100 26 16
29 2 60
78 92 39
49 97 30
26 20 90
31 3 8
81 16 88
24 57 9
62 17 11
55 77 36
38 13 28
65 69 32
39 81 80
20 24 95
6 90 18
48 100 27
0 33 60
77 91 2
90 78 19
83 89 31
52 37 89
12 25 45
88 7 40
43 58 83
66 26 38
99 91 5
34 29 37
15 90 92
11 45 47
57 76 70
6 37 12
90 69 60
100 39 9
13 55 55
78 12 26
100 97 2
34 72 75
97 40 45
13 64 55
57 92 78
78 56 13
40 29 7
5 34 58
57 53 73
78 21 43
62 48 83
3 66 73
19 13 36
7 21 17
4 87 25
48 16 37
83 45 78
42 58 87
35 99 22
36 54 38
54 8 62
45 54 78
92 38 94
1 7 59
32 47 87
13 68 39
89 74 71
59 82 94
68 88 5
54 98 4
53 46 81
79 94 60
25 55 35
52 79 95
87 15 84
98 96 13
72 21 28
67 7 97
58 27 76
4 92 13
43 30 26
67 48 15
43 48 99
60 29 94
34 66 96
39 94 64
74 13 7
33 39 73
61 63 52
0 20 25
35 8 16
43 47 33
82 45 77
25 85 66
99 13 4
34 78 21
65 70 12
96 10 58
57 10 21
84 95 42
27 97 67
74 86 67
71 52 15
0 15 62
94 29 61
56 43 8
73 7 6
18 28 91
65 77 35
89 48 39
36 86 34
19 77 72
12 71 89
48 52 2
7 54 41
84 30 23
64 85 30
67 45 63
24 100 35
14 78 60
98 28 93
52 58 41
80 60 28
29 25 59
72 73 82
37 33 85
49 34 10
54 31 99
51 32 31
41 32 82
37 43 86
84 63 8
61 11 61
38 92 85
50 91 58
25 24 95
17 63 22
9 77 77
76 84 67
22 84 76
4 47 5
93 21 57
21 63 84
60 4 61
14 84 31
1 45 6
1 95 53
38 2 57
50 66 61
89 42 1
83 21 71
34 67 6
33 29 79
80 65 25
56 82 23
28 89 30
56 87 92
70 87 37
84 79 77
0 20 21
15 81 62
97 24 78
75 23 60
97 14 17
47 27 41
53 86 23
36 32 85
48 62 3
67 60 99
82 55 91
50 58 100
30 29 57
61 71 58
100 90 10
74 83 52
18 89 10
54 7 5
52 96 17
79 46 84
59 60 85
36 67 58
93 24 72
81 64 70
10 28 72
50 42 68
45 4 63
34 44 71
25 63 58
15 14 85
55 12 25
75 52 73
23 36 86
37 54 52
36 93 63
59 75 32
93 37 34
25 65 34
19 87 86
7 68 97
98 87 25
70 72 24
21 57 20
98 85 38
100 1 1
34 27 91
86 54 55
44 68 69
83 12 56
82 97 70
31 90 6
46 65 73
91 2 11
47 32 85
59 83 100
27 69 53
22 89 58
29 11 42
70 91 100
27 63 72
14 59 83
5 47 9
66 19 66
23 8 13
62 67 78
84 69 3
21 52 78
18 57 73
24 66 29
41 97 37
16 35 59
46 83 61
4 78 15
85 9 98
30 25 5
76 58 19
8 61 3
41 12 92
33 24 78
