100

33 37 40980 0

37 5 7 64401

30 226 0 27741

30 8 1 341

35 39 10 0

34 35 99784 0

30 18 7 13647

31 96 3 6127

37 72 3 15648

34 40 10 0

35 61 9 28801

37 200 2 28659

37 190 2 43688

35 58 5 591

31 17 3 260

35 61 10 0

30 51 500547 0

35 40 10 0

32 30 7 74122

35 59 390816 0

34 60 9 28800

33 26 7 17581

35 39 9 28801

35 145 959936 0

32 55 5 55957

31 84 890164 0

34 61 10 0

40 172 8 30

40 36 4 191

39 9 3 82

35 138 0 482

39 20 6 7260

33 51 190666 0

35 60 9 28801

36 47 5 11193

34 61 9 28801

35 54 0 52641

34 60 9 28801

35 61 10 0

34 40 199163 0

35 60 0 74480

30 59 2 45118

37 48 7 67684

34 60 10 0

38 80 2 471

34 40 9 28800

30 4 737964 0

34 39 10 0

35 60 10 0

37 30 5 29211

35 39 10 0

34 39 9 28800

37 52 6 69136

32 278 2 81317

30 6 6 62801

34 61 10 0

32 25 415858 0

31 122 17640 0

33 48 8 526

34 8 8 553

37 155 1 84623

34 47 441378 0

34 272 630770 0

30 58 7 5567

36 43 8 10

40 51 3 70762

39 48 3 11737

34 60 10 0

34 48 185210 0

37 59 183093 0

36 63 5 30266

34 40 10 0

35 39 9 28800

34 39 10 0

37 71 9 11127

36 265 5 423

31 224 8 429

37 32 3 26015

35 276 816968 0

35 60 9 28800

31 43 6 25680

39 5 548342 0

35 40 9 28801

34 61 9 28800

32 43 7 354

33 204 3 40220

32 47 2 844

39 54 3 588

35 201 702220 0

40 17 748566 0

31 12 5 18589

34 14 3 44

33 279 6 258

34 39 9 28801

35 40 9 28800

34 40 9 28801

35 18 4 238

35 60 10 0

35 40 10 0

35 61 9 28800
