100
4065
2487
6465
46829
6676
5604
5927
1867
35186
4098
1954
1652
6706
25983
52547
6521
1325
40231
6147
7712
88831
5929
50986
6828
3045
62288
66051
48465
2574
97732
1692
13298
2395
64484
7471
59102
90015
35163
7233
58025
38154
6125
51246
20842
86626
9612
3486
2903
5343
92719
7647
98575
2791
7166
9323
8499
3139
32286
50966
82876
4346
97474
43101
87879
8098
17982
81137
4681
4965
5732
30288
51693
50423
50952
59991
6312
24392
2345
83868
16093
1367
76909
8337
64963
86316
9973
5779
87013
9579
83134
28168
88738
8137
94246
31193
63024
9821
51068
9684
5236
