5604
7842
5646
92864
6766
4065
7295
7681
68153
8904
4591
2561
6076
38952
74525
1256
5231
13204
7416
2177
13888
9295
68905
8286
5403
88226
15066
56484
4752
23779
2961
89231
5932
48446
1747
20195
51009
36153
3327
52085
45183
5216
64215
24802
62668
2169
6843
3092
3435
91729
7467
57589
1972
6617
3239
9948
9313
68223
66905
67828
6434
47479
10134
97878
8908
28971
73118
1864
5694
2375
88203
39615
32405
25905
19995
2136
29342
5432
86838
39061
7631
90967
7338
36946
61368
3799
9775
31078
9759
43138
86182
83788
7318
64249
39113
42036
1289
86015
4869
6325
