100
1 2
5 7
3 4
11 12
14 15
6 9
8 18
20 21
24 26
10 29
19 30
25 31
13 16
17 32
33 37
28 38
27 39
35 40
43 45
22 47
23 34
36 48
50 57
58 61
54 65
69 70
73 77
78 79
44 64
71 80
81 86
46 60
82 89
91 0
56 59
52 59
76 77
59 12
41 42
21 77
87 23
99 17
67 83
88 84
51 55
53 62
63 93
66 83
49 0
95 29
47 70
2 14
13 85
30 6
27 22
54 7
13 37
46 99
85 66
95 13
20 57
76 11
69 16
72 32
68 4
45 7
93 67
74 75
84 15
16 88
94 60
75 21
0 15
21 99
31 62
99 6
77 60
92 84
97 93
50 36
50 52
95 19
90 31
47 11
57 32
80 86
23 45
96 99
67 26
64 93
61 66
45 65
63 43
61 7
61 25
98 75
1 11
90 58
42 86
40 58
