100
1 5
2 9
3 6
4 19
8 20
7 11
16 23
14 24
10 15
12 13
18 21
22 26
27 29
33 39
35 37
28 36
17 41
45 50
30 34
59 61
65 66
67 70
25 75
32 47
43 77
31 81
82 90
89 92
44 96
55 98
99 95
38 46
58 97
49 62
79 99
60 92
87 86
86 88
78 93
40 64
42 48
57 74
81 93
84 97
69 92
51 99
54 90
96 81
63 84
52 83
53 98
85 92
56 85
84 91
71 98
89 95
82 82
97 84
88 87
89 98
91 96
87 90
68 73
76 83
85 94
86 95
81 86
72 88
94 80
94 98
95 87
88 97
95 81
80 92
91 96
99 85
83 86
83 86
80 91
91 82
80 91
87 92
98 90
94 90
83 88
88 97
92 91
82 96
96 83
90 85
93 92
90 82
92 84
84 87
83 92
97 86
90 84
87 99
83 99
87 93
