99999 1
99996 1
100000 3
99517 1
-1 -1
99994 1
99759 1
99994 1
99995 1
100000 2
100000 1
100000 1
99996 1
100000 2
100000 2
99910 1
98838 1
100000 3
99928 1
99995 1
99999 1
99994 1
100000 1
99999 1
99572 1
99994 2
99999 1
100000 2
99990 1
99567 1
99994 1
99976 1
99996 1
99994 2
99994 2
99997 1
99990 1
99996 1
99996 1
99997 1
99925 2
99999 1
99996 1
99994 2
-1 -1
99996 1
100000 1
100000 2
100000 2
-1 -1
99889 1
100000 2
100000 2
99947 1
99996 1
99994 2
99997 1
100000 1
99995 1
99976 1
-1 -1
99995 1
100000 3
100000 2
-1 -1
99994 2
99982 1
99976 1
99999 1
99996 1
99996 1
99960 1
100000 3
100000 3
100000 1
99999 1
100000 2
-1 -1
-1 -1
100000 1
99905 1
99996 1
100000 3
99952 1
100000 3
-1 -1
99995 1
99994 1
99996 1
99999 1
99864 3
100000 1
100000 2
99996 1
99994 2
99999 1
99994 2
99940 1
100000 3
-1 -1
